0.105982494 0.135148607 1
0.105982494 -0.135148607 1
-0.105982494 0.135148607 1
-0.105982494 -0.135148607 1
0.095336513 0.142857917 1
0.095336513 -0.142857917 1
-0.095336513 0.142857917 1
-0.095336513 -0.142857917 1
0.116398909 0.126288278 1
0.116398909 -0.126288278 1
-0.116398909 0.126288278 1
-0.116398909 -0.126288278 1
0.142756999 0.095487561 1
0.142756999 -0.095487561 1
-0.142756999 0.095487561 1
-0.142756999 -0.095487561 1
0.023986036 0.354299621 1
0.023986036 -0.354299621 1
-0.023986036 0.354299621 1
-0.023986036 -0.354299621 1
0.203626203 0.290929408 1
0.203626203 -0.290929408 1
-0.203626203 0.290929408 1
-0.203626203 -0.290929408 1
0.287604442 0.20829603 1
0.287604442 -0.20829603 1
-0.287604442 0.20829603 1
-0.287604442 -0.20829603 1
0.329667584 0.131995588 1
0.329667584 -0.131995588 1
-0.329667584 0.131995588 1
-0.329667584 -0.131995588 1
0.619272569 0.729273376 1
0.619272569 -0.729273376 1
-0.619272569 0.729273376 1
-0.619272569 -0.729273376 1
0.236981821 0.926918437 1
0.236981821 -0.926918437 1
-0.236981821 0.926918437 1
-0.236981821 -0.926918437 1
0.046276047 0.955613258 1
0.046276047 -0.955613258 1
-0.046276047 0.955613258 1
-0.046276047 -0.955613258 1
0.319474562 0.901817152 1
0.319474562 -0.901817152 1
-0.319474562 0.901817152 1
-0.319474562 -0.901817152 1
0.67875882 0.613365668 1
0.67875882 -0.613365668 1
-0.67875882 0.613365668 1
-0.67875882 -0.613365668 1
0.442334714 0.800793968 1
0.442334714 -0.800793968 1
-0.442334714 0.800793968 1
-0.442334714 -0.800793968 1
0.685277296 0.606074258 1
0.685277296 -0.606074258 1
-0.685277296 0.606074258 1
-0.685277296 -0.606074258 1
0.716225019 0.569168429 1
0.716225019 -0.569168429 1
-0.716225019 0.569168429 1
-0.716225019 -0.569168429 1
0.660370836 0.701349197 1
0.660370836 -0.701349197 1
-0.660370836 0.701349197 1
-0.660370836 -0.701349197 1
0.031212544 0.962811567 1
0.031212544 -0.962811567 1
-0.031212544 0.962811567 1
-0.031212544 -0.962811567 1
0.294921738 0.917061342 1
0.294921738 -0.917061342 1
-0.294921738 0.917061342 1
-0.294921738 -0.917061342 1
0.488838953 0.830070367 1
0.488838953 -0.830070367 1
-0.488838953 0.830070367 1
-0.488838953 -0.830070367 1
0.117620543 0.77043004 1
0.117620543 -0.77043004 1
-0.117620543 0.77043004 1
-0.117620543 -0.77043004 1
0.144905543 0.765767212 1
0.144905543 -0.765767212 1
-0.144905543 0.765767212 1
-0.144905543 -0.765767212 1
0.330932147 0.705606798 1
0.330932147 -0.705606798 1
-0.330932147 0.705606798 1
-0.330932147 -0.705606798 1
0.485152764 0.609937566 1
0.485152764 -0.609937566 1
-0.485152764 0.609937566 1
-0.485152764 -0.609937566 1
0.058341229 0.107365147 1
0.058341229 -0.107365147 1
-0.058341229 0.107365147 1
-0.058341229 -0.107365147 1
0.005687252 0.12205994 1
0.005687252 -0.12205994 1
-0.005687252 0.12205994 1
-0.005687252 -0.12205994 1
0.085465804 0.087330236 1
0.085465804 -0.087330236 1
-0.085465804 0.087330236 1
-0.085465804 -0.087330236 1
0.095642808 0.076048846 1
0.095642808 -0.076048846 1
-0.095642808 0.076048846 1
-0.095642808 -0.076048846 1
0.229550295 0.698061864 1
0.229550295 -0.698061864 1
-0.229550295 0.698061864 1
-0.229550295 -0.698061864 1
0.244660121 0.692910621 1
0.244660121 -0.692910621 1
-0.244660121 0.692910621 1
-0.244660121 -0.692910621 1
0.638795822 0.363212888 1
0.638795822 -0.363212888 1
-0.638795822 0.363212888 1
-0.638795822 -0.363212888 1
0.177735321 0.713017433 1
0.177735321 -0.713017433 1
-0.177735321 0.713017433 1
-0.177735321 -0.713017433 1
0.051770316 0.783532358 1
0.051770316 -0.783532358 1
-0.051770316 0.783532358 1
-0.051770316 -0.783532358 1
0.344819662 0.705480348 1
0.344819662 -0.705480348 1
-0.344819662 0.705480348 1
-0.344819662 -0.705480348 1
0.040791529 0.784180574 1
0.040791529 -0.784180574 1
-0.040791529 0.784180574 1
-0.040791529 -0.784180574 1
0.742804689 0.254645468 1
0.742804689 -0.254645468 1
-0.742804689 0.254645468 1
-0.742804689 -0.254645468 1
0.012252269 0.094874295 1
0.012252269 -0.094874295 1
-0.012252269 0.094874295 1
-0.012252269 -0.094874295 1
0.075746261 0.058427339 1
0.075746261 -0.058427339 1
-0.075746261 0.058427339 1
-0.075746261 -0.058427339 1
0.014619355 0.094538481 1
0.014619355 -0.094538481 1
-0.014619355 0.094538481 1
-0.014619355 -0.094538481 1
0.031290165 0.090400086 1
0.031290165 -0.090400086 1
-0.031290165 0.090400086 1
-0.031290165 -0.090400086 1
0.072329182 0.103827201 1
0.072329182 -0.103827201 1
-0.072329182 0.103827201 1
-0.072329182 -0.103827201 1
0.109298013 0.063761609 1
0.109298013 -0.063761609 1
-0.109298013 0.063761609 1
-0.109298013 -0.063761609 1
0.120531505 0.038519535 1
0.120531505 -0.038519535 1
-0.120531505 0.038519535 1
-0.120531505 -0.038519535 1
0.004817664 0.126445199 1
0.004817664 -0.126445199 1
-0.004817664 0.126445199 1
-0.004817664 -0.126445199 1
0.294573454 0.837303456 1
0.294573454 -0.837303456 1
-0.294573454 0.837303456 1
-0.294573454 -0.837303456 1
0.410328866 0.787071038 1
0.410328866 -0.787071038 1
-0.410328866 0.787071038 1
-0.410328866 -0.787071038 1
0.868889615 0.181332386 1
0.868889615 -0.181332386 1
-0.868889615 0.181332386 1
-0.868889615 -0.181332386 1
0.092490283 0.882777517 1
0.092490283 -0.882777517 1
-0.092490283 0.882777517 1
-0.092490283 -0.882777517 1
0.003616157 0.004298646 1
0.003616157 -0.004298646 1
-0.003616157 0.004298646 1
-0.003616157 -0.004298646 1
0.00210409 0.005208431 1
0.00210409 -0.005208431 1
-0.00210409 0.005208431 1
-0.00210409 -0.005208431 1
0.005382083 0.001608766 1
0.005382083 -0.001608766 1
-0.005382083 0.001608766 1
-0.005382083 -0.001608766 1
0.00163942 0.005372825 1
0.00163942 -0.005372825 1
-0.00163942 0.005372825 1
-0.00163942 -0.005372825 1
0.399549968 0.176123651 1
0.399549968 -0.176123651 1
-0.399549968 0.176123651 1
-0.399549968 -0.176123651 1
0.236081929 0.36732144 1
0.236081929 -0.36732144 1
-0.236081929 0.36732144 1
-0.236081929 -0.36732144 1
0.075419166 0.430083326 1
0.075419166 -0.430083326 1
-0.075419166 0.430083326 1
-0.075419166 -0.430083326 1
0.208421896 0.383692625 1
0.208421896 -0.383692625 1
-0.208421896 0.383692625 1
-0.208421896 -0.383692625 1
0.015682473 0.037858607 1
0.015682473 -0.037858607 1
-0.015682473 0.037858607 1
-0.015682473 -0.037858607 1
0.016675422 0.037431863 1
0.016675422 -0.037431863 1
-0.016675422 0.037431863 1
-0.016675422 -0.037431863 1
0.032265348 0.025261857 1
0.032265348 -0.025261857 1
-0.032265348 0.025261857 1
-0.032265348 -0.025261857 1
0.006174528 0.04051036 1
0.006174528 -0.04051036 1
-0.006174528 0.04051036 1
-0.006174528 -0.04051036 1
0.409094358 0.427841252 1
0.409094358 -0.427841252 1
-0.409094358 0.427841252 1
-0.409094358 -0.427841252 1
0.20140232 0.55663582 1
0.20140232 -0.55663582 1
-0.20140232 0.55663582 1
-0.20140232 -0.55663582 1
0.261321077 0.531147461 1
0.261321077 -0.531147461 1
-0.261321077 0.531147461 1
-0.261321077 -0.531147461 1
0.280775501 0.521125175 1
0.280775501 -0.521125175 1
-0.280775501 0.521125175 1
-0.280775501 -0.521125175 1
0.036309938 0.205794054 1
0.036309938 -0.205794054 1
-0.036309938 0.205794054 1
-0.036309938 -0.205794054 1
0.194067582 0.077507277 1
0.194067582 -0.077507277 1
-0.194067582 0.077507277 1
-0.194067582 -0.077507277 1
0.147941438 0.14759043 1
0.147941438 -0.14759043 1
-0.147941438 0.14759043 1
-0.147941438 -0.14759043 1
0.09491092 0.18617605 1
0.09491092 -0.18617605 1
-0.09491092 0.18617605 1
-0.09491092 -0.18617605 1
0.222224437 0.212979241 1
0.222224437 -0.212979241 1
-0.222224437 0.212979241 1
-0.222224437 -0.212979241 1
0.287186927 0.110758866 1
0.287186927 -0.110758866 1
-0.287186927 0.110758866 1
-0.287186927 -0.110758866 1
0.023467518 0.306908998 1
0.023467518 -0.306908998 1
-0.023467518 0.306908998 1
-0.023467518 -0.306908998 1
0.299439606 0.071272574 1
0.299439606 -0.071272574 1
-0.299439606 0.071272574 1
-0.299439606 -0.071272574 1
0.045952829 0.066149192 1
0.045952829 -0.066149192 1
-0.045952829 0.066149192 1
-0.045952829 -0.066149192 1
0.062058055 0.051343704 1
0.062058055 -0.051343704 1
-0.062058055 0.051343704 1
-0.062058055 -0.051343704 1
0.044999652 0.066801268 1
0.044999652 -0.066801268 1
-0.044999652 0.066801268 1
-0.044999652 -0.066801268 1
0.009511703 0.079980658 1
0.009511703 -0.079980658 1
-0.009511703 0.079980658 1
-0.009511703 -0.079980658 1
0.717571792 0.329305006 1
0.717571792 -0.329305006 1
-0.717571792 0.329305006 1
-0.717571792 -0.329305006 1
0.19963945 0.763868545 1
0.19963945 -0.763868545 1
-0.19963945 0.763868545 1
-0.19963945 -0.763868545 1
0.223146043 0.757335399 1
0.223146043 -0.757335399 1
-0.223146043 0.757335399 1
-0.223146043 -0.757335399 1
0.635654498 0.468288824 1
0.635654498 -0.468288824 1
-0.635654498 0.468288824 1
-0.635654498 -0.468288824 1
0.382217337 0.576836841 1
0.382217337 -0.576836841 1
-0.382217337 0.576836841 1
-0.382217337 -0.576836841 1
0.621333794 0.304590134 1
0.621333794 -0.304590134 1
-0.621333794 0.304590134 1
-0.621333794 -0.304590134 1
0.075053655 0.687893729 1
0.075053655 -0.687893729 1
-0.075053655 0.687893729 1
-0.075053655 -0.687893729 1
0.06341172 0.689064429 1
0.06341172 -0.689064429 1
-0.06341172 0.689064429 1
-0.06341172 -0.689064429 1
0.084944598 0.701480184 1
0.084944598 -0.701480184 1
-0.084944598 0.701480184 1
-0.084944598 -0.701480184 1
0.569027952 0.418923887 1
0.569027952 -0.418923887 1
-0.569027952 0.418923887 1
-0.569027952 -0.418923887 1
0.529267197 0.46815197 1
0.529267197 -0.46815197 1
-0.529267197 0.46815197 1
-0.529267197 -0.46815197 1
0.477695193 0.520670084 1
0.477695193 -0.520670084 1
-0.477695193 0.520670084 1
-0.477695193 -0.520670084 1
0.619381791 0.153603283 1
0.619381791 -0.153603283 1
-0.619381791 0.153603283 1
-0.619381791 -0.153603283 1
0.188290055 0.609733242 1
0.188290055 -0.609733242 1
-0.188290055 0.609733242 1
-0.188290055 -0.609733242 1
0.240132458 0.591239524 1
0.240132458 -0.591239524 1
-0.240132458 0.591239524 1
-0.240132458 -0.591239524 1
0.205992218 0.603982597 1
0.205992218 -0.603982597 1
-0.205992218 0.603982597 1
-0.205992218 -0.603982597 1
0.218242001 0.78545219 1
0.218242001 -0.78545219 1
-0.218242001 0.78545219 1
-0.218242001 -0.78545219 1
0.667160335 0.468467502 1
0.667160335 -0.468467502 1
-0.667160335 0.468467502 1
-0.667160335 -0.468467502 1
0.670033576 0.464348706 1
0.670033576 -0.464348706 1
-0.670033576 0.464348706 1
-0.670033576 -0.464348706 1
0.410702137 0.704193488 1
0.410702137 -0.704193488 1
-0.410702137 0.704193488 1
-0.410702137 -0.704193488 1
0.231178549 0.885640019 1
0.231178549 -0.885640019 1
-0.231178549 0.885640019 1
-0.231178549 -0.885640019 1
0.717527894 0.568291725 1
0.717527894 -0.568291725 1
-0.717527894 0.568291725 1
-0.717527894 -0.568291725 1
0.60767889 0.684491148 1
0.60767889 -0.684491148 1
-0.60767889 0.684491148 1
-0.60767889 -0.684491148 1
0.636329851 0.657940792 1
0.636329851 -0.657940792 1
-0.636329851 0.657940792 1
-0.636329851 -0.657940792 1
2.069146008 0.175949871 0
2.069146008 -0.175949871 0
-2.069146008 0.175949871 0
-2.069146008 -0.175949871 0
2.039522057 0.390734353 0
2.039522057 -0.390734353 0
-2.039522057 0.390734353 0
-2.039522057 -0.390734353 0
0.423735447 2.032921993 0
0.423735447 -2.032921993 0
-0.423735447 2.032921993 0
-0.423735447 -2.032921993 0
0.164417258 2.070094327 0
0.164417258 -2.070094327 0
-0.164417258 2.070094327 0
-0.164417258 -2.070094327 0
0.474844759 2.021594918 0
0.474844759 -2.021594918 0
-0.474844759 2.021594918 0
-0.474844759 -2.021594918 0
1.654113252 1.255481146 0
1.654113252 -1.255481146 0
-1.654113252 1.255481146 0
-1.654113252 -1.255481146 0
1.264825104 1.646979361 0
1.264825104 -1.646979361 0
-1.264825104 1.646979361 0
-1.264825104 -1.646979361 0
0.11278937 2.073548195 0
0.11278937 -2.073548195 0
-0.11278937 2.073548195 0
-0.11278937 -2.073548195 0
2.032204534 0.427163072 0
2.032204534 -0.427163072 0
-2.032204534 0.427163072 0
-2.032204534 -0.427163072 0
0.545544063 2.003672936 0
0.545544063 -2.003672936 0
-0.545544063 2.003672936 0
-0.545544063 -2.003672936 0
1.786074305 0.613989995 0
1.786074305 -0.613989995 0
-1.786074305 0.613989995 0
-1.786074305 -0.613989995 0
1.213140714 1.447527113 0
1.213140714 -1.447527113 0
-1.213140714 1.447527113 0
-1.213140714 -1.447527113 0
0.938238943 1.639131728 0
0.938238943 -1.639131728 0
-0.938238943 1.639131728 0
-0.938238943 -1.639131728 0
0.635197611 1.778642497 0
0.635197611 -1.778642497 0
-0.635197611 1.778642497 0
-0.635197611 -1.778642497 0
0.863107844 1.679907731 0
0.863107844 -1.679907731 0
-0.863107844 1.679907731 0
-0.863107844 -1.679907731 0
1.600878238 1.002114765 0
1.600878238 -1.002114765 0
-1.600878238 1.002114765 0
-1.600878238 -1.002114765 0
0.150498361 1.882656469 0
0.150498361 -1.882656469 0
-0.150498361 1.882656469 0
-0.150498361 -1.882656469 0
0.63064869 1.780260477 0
0.63064869 -1.780260477 0
-0.63064869 1.780260477 0
-0.63064869 -1.780260477 0
0.944387025 1.635597225 0
0.944387025 -1.635597225 0
-0.944387025 1.635597225 0
-0.944387025 -1.635597225 0
1.55492625 1.072030546 0
1.55492625 -1.072030546 0
-1.55492625 1.072030546 0
-1.55492625 -1.072030546 0
0.695745238 1.816123839 0
0.695745238 -1.816123839 0
-0.695745238 1.816123839 0
-0.695745238 -1.816123839 0
1.832498475 0.651395864 0
1.832498475 -0.651395864 0
-1.832498475 0.651395864 0
-1.832498475 -0.651395864 0
1.383803947 1.366548159 0
1.383803947 -1.366548159 0
-1.383803947 1.366548159 0
-1.383803947 -1.366548159 0
1.877054352 0.50895402 0
1.877054352 -0.50895402 0
-1.877054352 0.50895402 0
-1.877054352 -0.50895402 0
1.061211482 1.629784472 0
1.061211482 -1.629784472 0
-1.061211482 1.629784472 0
-1.061211482 -1.629784472 0
1.678584671 0.982201984 0
1.678584671 -0.982201984 0
-1.678584671 0.982201984 0
-1.678584671 -0.982201984 0
1.310031336 1.437423088 0
1.310031336 -1.437423088 0
-1.310031336 1.437423088 0
-1.310031336 -1.437423088 0
0.011592023 1.944796354 0
0.011592023 -1.944796354 0
-0.011592023 1.944796354 0
-0.011592023 -1.944796354 0
1.796407477 0.745176094 0
1.796407477 -0.745176094 0
-1.796407477 0.745176094 0
-1.796407477 -0.745176094 0
0.839487445 1.754316979 0
0.839487445 -1.754316979 0
-0.839487445 1.754316979 0
-0.839487445 -1.754316979 0
1.622146874 1.148190218 0
1.622146874 -1.148190218 0
-1.622146874 1.148190218 0
-1.622146874 -1.148190218 0
1.127729306 1.636437555 0
1.127729306 -1.636437555 0
-1.127729306 1.636437555 0
-1.127729306 -1.636437555 0
1.147257932 1.622806364 0
1.147257932 -1.622806364 0
-1.147257932 1.622806364 0
-1.147257932 -1.622806364 0
0.179543767 1.979258774 0
0.179543767 -1.979258774 0
-0.179543767 1.979258774 0
-0.179543767 -1.979258774 0
1.776022727 0.891876971 0
1.776022727 -0.891876971 0
-1.776022727 0.891876971 0
-1.776022727 -0.891876971 0
1.106447991 1.650900997 0
1.106447991 -1.650900997 0
-1.106447991 1.650900997 0
-1.106447991 -1.650900997 0
0.678733656 1.867892363 0
0.678733656 -1.867892363 0
-0.678733656 1.867892363 0
-0.678733656 -1.867892363 0
0.362604063 1.954026497 0
0.362604063 -1.954026497 0
-0.362604063 1.954026497 0
-0.362604063 -1.954026497 0
0.751255086 1.839923111 0
0.751255086 -1.839923111 0
-0.751255086 1.839923111 0
-0.751255086 -1.839923111 0
0.14066833 1.982400988 0
0.14066833 -1.982400988 0
-0.14066833 1.982400988 0
-0.14066833 -1.982400988 0
0.954666392 1.371423137 0
0.954666392 -1.371423137 0
-0.954666392 1.371423137 0
-0.954666392 -1.371423137 0
0.170760899 1.662236462 0
0.170760899 -1.662236462 0
-0.170760899 1.662236462 0
-0.170760899 -1.662236462 0
0.613661458 1.554222942 0
0.613661458 -1.554222942 0
-0.613661458 1.554222942 0
-0.613661458 -1.554222942 0
0.734108129 1.501091135 0
0.734108129 -1.501091135 0
-0.734108129 1.501091135 0
-0.734108129 -1.501091135 0
0.693429641 1.520310716 0
0.693429641 -1.520310716 0
-0.693429641 1.520310716 0
-0.693429641 -1.520310716 0
0.270623724 1.64892454 0
0.270623724 -1.64892454 0
-0.270623724 1.64892454 0
-0.270623724 -1.64892454 0
0.317241231 1.640593594 0
0.317241231 -1.640593594 0
-0.317241231 1.640593594 0
-0.317241231 -1.640593594 0
0.286410526 1.646255858 0
0.286410526 -1.646255858 0
-0.286410526 1.646255858 0
-0.286410526 -1.646255858 0
1.500638458 0.735033032 0
1.500638458 -0.735033032 0
-1.500638458 0.735033032 0
-1.500638458 -0.735033032 0
0.423027327 1.616551026 0
0.423027327 -1.616551026 0
-0.423027327 1.616551026 0
-0.423027327 -1.616551026 0
0.52570327 1.781479332 0
0.52570327 -1.781479332 0
-0.52570327 1.781479332 0
-0.52570327 -1.781479332 0
0.302499468 1.832628334 0
0.302499468 -1.832628334 0
-0.302499468 1.832628334 0
-0.302499468 -1.832628334 0
1.056919785 1.527400768 0
1.056919785 -1.527400768 0
-1.056919785 1.527400768 0
-1.056919785 -1.527400768 0
1.674398238 0.804004402 0
1.674398238 -0.804004402 0
-1.674398238 0.804004402 0
-1.674398238 -0.804004402 0
1.201980279 1.416077663 0
1.201980279 -1.416077663 0
-1.201980279 1.416077663 0
-1.201980279 -1.416077663 0
0.94655625 1.598143862 0
0.94655625 -1.598143862 0
-0.94655625 1.598143862 0
-0.94655625 -1.598143862 0
1.393548879 1.228028526 0
1.393548879 -1.228028526 0
-1.393548879 1.228028526 0
-1.393548879 -1.228028526 0
0.259722783 1.839178244 0
0.259722783 -1.839178244 0
-0.259722783 1.839178244 0
-0.259722783 -1.839178244 0
1.76498144 0.578682172 0
1.76498144 -0.578682172 0
-1.76498144 0.578682172 0
-1.76498144 -0.578682172 0
1.817240182 0.384279401 0
1.817240182 -0.384279401 0
-1.817240182 0.384279401 0
-1.817240182 -0.384279401 0
0.870379607 1.50363661 0
0.870379607 -1.50363661 0
-0.870379607 1.50363661 0
-0.870379607 -1.50363661 0
1.065067993 1.372630281 0
1.065067993 -1.372630281 0
-1.065067993 1.372630281 0
-1.065067993 -1.372630281 0
0.747698314 1.568257296 0
0.747698314 -1.568257296 0
-0.747698314 1.568257296 0
-0.747698314 -1.568257296 0
0.672594318 1.601905303 0
0.672594318 -1.601905303 0
-0.672594318 1.601905303 0
-0.672594318 -1.601905303 0
1.296024137 1.15706748 0
1.296024137 -1.15706748 0
-1.296024137 1.15706748 0
-1.296024137 -1.15706748 0
0.024725653 1.737202452 0
0.024725653 -1.737202452 0
-0.024725653 1.737202452 0
-0.024725653 -1.737202452 0
0.273373092 1.715736247 0
0.273373092 -1.715736247 0
-0.273373092 1.715736247 0
-0.273373092 -1.715736247 0
1.535784451 0.812311416 0
1.535784451 -0.812311416 0
-1.535784451 0.812311416 0
-1.535784451 -0.812311416 0
0.825356486 1.528813392 0
0.825356486 -1.528813392 0
-0.825356486 1.528813392 0
-0.825356486 -1.528813392 0
1.527708196 0.827400377 0
1.527708196 -0.827400377 0
-1.527708196 0.827400377 0
-1.527708196 -0.827400377 0
0.715823482 2.254224976 0
0.715823482 -2.254224976 0
-0.715823482 2.254224976 0
-0.715823482 -2.254224976 0
1.066342149 2.111124801 0
1.066342149 -2.111124801 0
-1.066342149 2.111124801 0
-1.066342149 -2.111124801 0
2.303642542 0.535877358 0
2.303642542 -0.535877358 0
-2.303642542 0.535877358 0
-2.303642542 -0.535877358 0
1.421662023 1.890187978 0
1.421662023 -1.890187978 0
-1.421662023 1.890187978 0
-1.421662023 -1.890187978 0
0.377519416 2.33482603 0
0.377519416 -2.33482603 0
-0.377519416 2.33482603 0
-0.377519416 -2.33482603 0
0.761586684 2.239178248 0
0.761586684 -2.239178248 0
-0.761586684 2.239178248 0
-0.761586684 -2.239178248 0
0.417800174 2.327955437 0
0.417800174 -2.327955437 0
-0.417800174 2.327955437 0
-0.417800174 -2.327955437 0
1.951089721 1.336855416 0
1.951089721 -1.336855416 0
-1.951089721 1.336855416 0
-1.951089721 -1.336855416 0
1.012780762 2.137336808 0
1.012780762 -2.137336808 0
-1.012780762 2.137336808 0
-1.012780762 -2.137336808 0
1.866806367 1.452228457 0
1.866806367 -1.452228457 0
-1.866806367 1.452228457 0
-1.866806367 -1.452228457 0
0.752370666 1.955300098 0
0.752370666 -1.955300098 0
-0.752370666 1.955300098 0
-0.752370666 -1.955300098 0
0.601602692 2.006821938 0
0.601602692 -2.006821938 0
-0.601602692 2.006821938 0
-0.601602692 -2.006821938 0
0.252180174 2.07982337 0
0.252180174 -2.07982337 0
-0.252180174 2.07982337 0
-0.252180174 -2.07982337 0
1.339950311 1.61052577 0
1.339950311 -1.61052577 0
-1.339950311 1.61052577 0
-1.339950311 -1.61052577 0
0.830345055 1.923483086 0
0.830345055 -1.923483086 0
-0.830345055 1.923483086 0
-0.830345055 -1.923483086 0
1.721116469 1.194578668 0
1.721116469 -1.194578668 0
-1.721116469 1.194578668 0
-1.721116469 -1.194578668 0
0.397253262 2.057048842 0
0.397253262 -2.057048842 0
-0.397253262 2.057048842 0
-0.397253262 -2.057048842 0
1.819410389 1.038752101 0
1.819410389 -1.038752101 0
-1.819410389 1.038752101 0
-1.819410389 -1.038752101 0
0.19129243 2.086304699 0
0.19129243 -2.086304699 0
-0.19129243 2.086304699 0
-0.19129243 -2.086304699 0
1.051829395 1.811881623 0
1.051829395 -1.811881623 0
-1.051829395 1.811881623 0
-1.051829395 -1.811881623 0
2.349318378 0.47465014 0
2.349318378 -0.47465014 0
-2.349318378 0.47465014 0
-2.349318378 -0.47465014 0
1.242345062 2.04967518 0
1.242345062 -2.04967518 0
-1.242345062 2.04967518 0
-1.242345062 -2.04967518 0
1.2738929 2.030218332 0
1.2738929 -2.030218332 0
-1.2738929 2.030218332 0
-1.2738929 -2.030218332 0
2.158769364 1.041299396 0
2.158769364 -1.041299396 0
-2.158769364 1.041299396 0
-2.158769364 -1.041299396 0
1.305088433 2.010306886 0
1.305088433 -2.010306886 0
-1.305088433 2.010306886 0
-1.305088433 -2.010306886 0
2.246919831 0.834230706 0
2.246919831 -0.834230706 0
-2.246919831 0.834230706 0
-2.246919831 -0.834230706 0
1.354657498 1.977243703 0
1.354657498 -1.977243703 0
-1.354657498 1.977243703 0
-1.354657498 -1.977243703 0
0.224508277 2.386249281 0
0.224508277 -2.386249281 0
-0.224508277 2.386249281 0
-0.224508277 -2.386249281 0
2.238730919 0.855963474 0
2.238730919 -0.855963474 0
-2.238730919 0.855963474 0
-2.238730919 -0.855963474 0
0.909293126 2.217605828 0
0.909293126 -2.217605828 0
-0.909293126 2.217605828 0
-0.909293126 -2.217605828 0