1701 
1101 1102 1307 
1401 
1602 1802 2101 
1401 
1101 1306 
1306 
1102 
1401 
1602 
1401 
1602 
1602 
1602 
1101 
1401 
1401 
1307 
1101 
1401 
1102 1205 1306 1307 1601 1602 1604 1802 
1604 
1101 
1101 
1101 
1703 
1405 
1101 
1101 1205 1602 1604 
1402 
1101 1307 1604 1605 
1604 
1101 1304 1305 1306 1307 1402 1802 
1306 1802 
1201 1604 
1205 
1601 1602 1604 
1601 1604 
1401 
1306 
1305 
1101 1102 1306 
1205 1605 
1201 
1405 
1101 
1802 
1401 
1101 
1401 
1305 
1101 
1205 
1802 
1101 
1101 1104 1306 
1101 1203 
1301 1304 1306 
1401 
1101 
1301 1306 1307 1802 
1603 1604 
1101 1205 1305 
1101 1304 1307 1603 
1101 1306 1601 1602 1802 
1201 1303 1802 
1802 
1401 
1101 
1101 
1201 1603 
1201 1206 1304 1305 1307 1403 1405 1601 1604 1802 
1802 
1201 
1101 
1307 
1201 
1205 1802 
1101 1401 
1101 
1601 
1101 1301 
1102 1205 
1201 1301 1302 1303 1307 1601 1602 1802 
1101 1102 1205 1802 
1101 
1101 1304 1802 
1401 
1402 
1402 
1101 
1802 
1405 
1802 
1306 
1205 
1401 
1102 1206 1401 1602 
1101 
1101 1102 1303 1304 1306 1307 1802 
1101 1302 
1201 1205 1306 1504 1802 
1101 1307 1601 1602 1703 
1401 
1401 
1402 1602 
1101 1205 
1403 
1307 
1101 
1105 1304 1307 1802 
1205 1802 
1101 1302 1304 1701 
1305 
1201 1206 1802 
1101 1303 
1101 
1306 
1201 
1101 
1401 
1401 
1601 1802 
1102 
1401 
1301 1303 1306 
1205 1304 1502 1802 
1802 
1101 1401 
1101 1401 1604 
1101 
1101 1204 1302 1305 1307 1602 
1101 1201 1401 1604 
1201 1401 1604 
1304 1401 
1104 
1102 1104 1307 1603 1802 
1201 1604 1802 
1103 1205 1302 1306 1307 1601 1604 1605 1702 1703 1704 
1201 
1307 
1101 1401 
1305 1306 1307 1402 
1203 1301 
1203 1205 1302 1306 1503 1701 1802 
1201 1304 1601 1604 
1401 
1401 
1401 
1401 
1303 1306 
1401 
1306 
1101 1206 1602 1801 
1102 1205 1307 1601 1602 1802 
1206 
1601 
1101 
1301 
1401 
1802 
1201 1604 
1101 
1101 1102 
1201 1602 1604 
1201 1601 
1101 1201 1205 1601 1604 
1101 
1401 
1401 
1802 
1701 1802 
1201 1604 
1802 
1101 
1301 1303 1802 
1604 1802 
1101 1602 
1401 
1101 1304 1306 1802 
1101 1802 
1101 1802 
1205 1301 1604 
1101 1302 1304 1802 
1101 1802 
1101 1306 1307 1503 1802 
1101 1401 
1604 
1401 
1101 
1101 1304 1306 1602 1605 
1401 
1101 1401 
1101 1201 1301 1604 
1101 1201 1301 
1306 1802 
1201 1205 1304 1307 1504 1604 
1101 
1401 
1401 
1101 1401 
1101 1102 1202 1203 1204 1205 1206 1303 1304 1305 1306 1307 1503 1504 1602 1603 1701 1802 
1101 1302 1306 1401 1605 1704 
1101 1401 
1101 1401 1703 
1101 1405 
1101 1306 1401 
1101 1401 
1101 1306 1401 1604 1701 
1101 1306 1401 1604 
1101 1201 1307 
1206 1301 1303 1402 1403 
1101 1201 1303 1401 1601 1603 1604 1801 1802 
1101 1204 1303 1307 1401 1402 1403 1601 1602 1603 1701 1802 
1101 1201 1401 1406 1602 1605 
1101 
1105 1605 
1605 1802 
1401 
1501 1504 
1101 
1306 
1101 
1101 1104 1203 1205 1301 
1401 
1401 
1105 
1401 
1102 1701 
1101 1105 1203 1205 1301 1307 1504 1601 1602 1603 
1605 
1101 
1306 
1306 
1301 1303 1304 1306 1601 1802 
1101 1104 
1306 
1101 
1105 1205 1206 1303 1304 1604 
1602 
1101 
1101 
1101 1504 
1101 1102 1205 1306 1307 1602 1802 
1101 1102 1105 1201 1303 1304 1307 1401 
1101 1307 1401 1605 1701 1802 
1101 1205 1206 1301 1401 1403 1501 1601 1604 
1101 1201 1401 1602 1604 1702 
1101 1105 1206 1304 1401 1403 1406 1407 1503 1504 1601 1604 
1101 1102 1104 1206 1307 1401 1402 1604 1802 
1101 1301 1306 1307 1401 1402 1602 1604 
1101 1102 1304 1401 1402 1503 1603 1604 1802 
1101 1301 1303 1307 1401 1603 1604 1802 
1101 1306 1401 1402 1405 
1101 1102 1104 1205 1301 1302 1303 1306 1307 1401 1402 1603 1604 1802 
1101 1201 1301 1303 1306 1307 1401 1405 1602 1603 1604 1703 1802 
1101 1205 1301 1303 1306 1307 1401 1402 1403 1405 1504 
1101 1201 1206 1401 1402 1504 1604 1802 
1101 1201 1205 1401 1402 1604 1605 
1101 1201 1304 1306 1401 1402 1403 1603 1604 1802 
1101 1201 1401 1402 
1101 1102 1302 1401 1503 1701 1702 1802 
1101 1401 
1101 1307 1401 1405 1601 1802 
1101 1401 
1401 
1101 1401 
1101 1401 1405 1701 1704 
1101 1105 1302 1304 1306 1401 1604 
1101 1301 1306 1401 1604 
1307 1401 1602 
1101 1306 1401 1402 1601 
1101 1401 1402 1602 1604 
1101 1201 1205 1306 1401 1604 
1101 1306 1401 
1101 1401 1402 1603 
1101 1201 1306 1401 1406 1407 1602 1802 
1101 1201 1205 1301 1401 1602 1604 
1101 1301 1303 1304 1306 1307 1401 1603 1604 1701 
1101 1205 1303 1306 1401 1402 1604 1605 
1101 1102 1305 1306 1401 1405 1802 
1101 1401 1802 
1101 1304 1306 1307 1401 1602 1604 
1101 1102 1301 1307 1401 1402 1405 1601 1602 1605 
1101 1201 1205 1206 1307 1401 1402 1603 1704 1802 
1101 1201 1206 1401 1604 
1101 1401 1604 
1101 1105 1201 1205 1303 1306 1402 1405 1503 1802 
1101 1306 1401 1604 
1101 1201 1301 1401 1601 1602 1802 
1101 1102 1104 1201 1205 1206 1301 1302 1303 1307 1401 1402 1602 1604 1704 
1104 1301 1402 1403 
1101 1802 
1101 1102 1401 1402 
1101 1201 1401 1604 
1101 1401 1504 1604 1701 
1101 1201 1301 1401 1604 1701 1802 
1101 1102 1201 1301 1302 1303 1304 1401 1603 1604 1605 1701 
1101 1201 1401 1604 
1303 1401 1402 1601 1602 1604 1802 
1101 1201 1205 1401 1603 1604 
1101 1306 1401 
1101 1105 1201 1205 1301 1304 1305 1306 1307 1601 1602 1603 1604 1605 1701 1704 1802 
1101 1102 1205 1301 1303 1305 1306 1604 
1401 1602 
1101 1201 1206 1303 1307 1402 1604 
1206 1406 1407 1704 1802 
1307 1402 1405 
1101 1401 1405 1703 1802 
1101 1102 1105 1201 1204 1205 1206 1305 1306 1307 1403 1405 1503 1603 1604 1701 1703 1802 
1101 1102 1201 1305 1307 1401 1802 
1101 1103 1301 1304 1306 1401 
1101 1401 1602 1604 1802 
1101 1102 1201 1205 1304 1305 1307 1401 1601 1602 1604 
1101 1102 1401 1402 1604 
1101 1201 1306 1401 1604 
1101 1201 1306 1401 1503 
1101 1102 1104 1202 1204 1205 1206 1301 1302 1304 1306 1401 1502 1601 1604 1802 
1101 1201 1305 1307 1405 1501 1504 1601 1604 1802 
1101 1206 1401 1402 1601 1604 1605 
1101 1205 1401 
1101 1201 1303 1401 1402 1604 
1101 1201 1205 1401 1402 
1101 1202 1205 1305 1401 1402 1604 1702 1802 
1101 1201 1301 1303 1306 1401 1405 1601 1604 1702 1703 
1101 1105 1306 1401 1403 1503 1604 1701 
1101 1102 1201 1204 1205 1304 1305 1306 1307 1401 1403 1604 1802 
1101 1104 1301 1306 1401 1402 1405 1602 
1101 1203 1204 1302 1305 1306 1307 1401 1402 1503 1604 
1101 1102 1105 1205 1303 1306 1307 1401 1402 1601 1701 1802 
1101 1306 1307 1401 1402 
1101 1102 1201 1306 1401 1402 1604 1802 
1101 1102 1105 1201 1205 1301 1303 1306 1401 1402 1403 1405 1504 1601 1604 1605 
1101 1102 1301 1304 1306 1401 1504 1604 1701 1802 
1101 1102 1105 1304 1305 1401 1402 1604 
1101 1401 1402 1604 1802 
1101 1201 1302 1307 1401 1605 1703 2201 
1101 1102 1201 1202 1304 1305 1401 1402 1602 1802 
1101 1307 1401 1402 1503 1603 1802 
1101 1202 1206 1301 1302 1303 1305 1306 1307 1401 1604 1802 
1101 1303 1306 1307 1401 1602 
1101 1401 1405 1501 1502 1802 
1101 1103 1205 1304 1306 1401 1402 1601 1604 
1101 1401 1402 1602 1604 
1101 1102 1206 1301 1304 1306 1307 1401 1405 1602 1604 1702 1802 
1101 1401 1604 
1101 1306 1401 
1101 1206 1304 1401 1802 
1101 1304 1306 1401 1402 1602 
1101 1401 1403 1405 1604 1802 
1101 1401 
1101 1307 1401 1801 1802 
1101 1306 1602 
1201 1301 1303 1304 1305 1306 1307 1401 1602 
1101 1303 1306 1802 
1101 1301 1306 1307 1401 1405 1802 
1101 1102 1301 1303 1304 1307 1401 1701 
1101 1401 1701 
1101 1303 1306 1401 1701 
1201 1301 1304 1306 1504 1601 1602 1701 1802 
1101 1102 1201 1303 1306 1307 1602 
1101 1102 1105 1205 1301 1303 1306 1307 1602 1605 1802 
1101 1303 1306 1601 1602 1603 1802 
1101 1203 1301 1307 1601 1602 1605 1701 
1302 1306 1307 1401 1501 1602 1604 1802 
1101 1105 1201 1405 1604 1802 
1101 1103 1104 1303 1307 1401 1604 
1101 1102 1203 1301 1307 1401 1701 1802 
1101 1301 1306 1401 1602 1604 1701 
1101 1201 1301 1306 1307 1401 1601 1701 1802 
1101 1302 1604 1802 
1101 1204 1301 1303 1306 1307 1401 1701 1802 
1101 1102 1205 1206 1306 1307 1401 1504 1604 1605 1702 1802 
1101 1102 1105 1205 1301 1304 1305 1306 1401 1405 1504 1601 1602 1701 1703 1802 
1101 1301 1303 1304 1306 1307 1401 1602 1604 
1101 1205 1301 1306 1504 1602 1604 1802 
1101 1102 1105 1301 1304 1307 1405 1602 1604 1802 
1101 1102 1104 1105 1203 1204 1205 1206 1304 1306 1307 1501 1601 1602 1605 1802 
1101 1205 1206 1301 1302 1303 1306 1307 1601 1701 
1101 1105 1306 1307 1401 1504 1601 1604 1802 
1101 1102 1104 1105 1205 1301 1302 1304 1306 1307 1403 1405 1601 1602 1605 1701 1703 1802 
1101 1102 1105 1206 1302 1303 1306 1307 1405 1504 1601 1603 1604 1605 1802 
1101 1102 1104 1201 1202 1203 1204 1205 1206 1301 1303 1304 1305 1306 1307 1401 1503 1504 1602 1603 1604 1701 1802 
1101 1201 1202 1203 1205 1301 1304 1305 1306 1307 1401 1601 1602 1604 1701 1802 
1101 1102 1104 1105 1205 1304 1307 1401 1501 1503 1504 1601 1603 1604 1802 
1101 1201 1206 1303 1304 1305 1306 1307 1504 1601 1701 1802 
1101 1102 1105 1205 1301 1306 1307 1602 1604 1802 
1101 1102 1103 1105 1205 1301 1303 1306 1307 1401 1504 1602 1603 1604 1704 1802 
1101 1105 1201 1206 1301 1302 1303 1305 1306 1307 1603 1604 1605 
1101 1102 1201 1205 1301 1302 1303 1304 1305 1306 1307 1405 1504 1601 1602 1603 1604 1605 1701 1802 
1101 1201 1305 1306 1307 1401 1402 
1101 1201 1205 1306 1401 1601 
1101 1102 1105 1302 1304 1401 1602 1604 1802 
1102 1201 1202 1304 1306 1307 1401 1402 1501 1502 1601 1602 1701 1801 1802 
1101 1306 1401 1403 1406 1502 1503 1504 1603 1802 
1201 1205 1206 1304 1305 1307 1401 1402 1601 1604 1802 
1101 1102 1104 1205 1401 1402 1403 
1101 1401 1402 1403 
1101 1201 1307 1401 1403 1504 1603 1604 1802 
1101 1102 1205 1401 1802 
1101 1105 1307 1401 1402 1403 1405 1802 
1101 1104 1205 1206 1305 1401 1402 1504 1601 1802 
1101 1401 1402 1405 1604 
1101 1102 1105 1301 1303 1304 1307 1401 1402 1604 1802 
1101 1401 1605 1802 
1101 1104 1205 1206 1305 1307 1401 1405 
1101 1102 1103 1302 1303 1306 1307 1401 1402 1604 1802 
1101 1307 1401 1402 1504 1602 1604 
1101 1102 1205 1305 1401 1604 
1101 1102 1104 1205 1301 1401 1601 1602 1701 
1101 1303 1307 1401 1402 1403 1604 
1101 1104 1204 1205 1301 1304 1401 1501 1503 1504 1602 1604 1802 
1101 1205 1401 1802 
1101 1303 1401 1403 
1101 1301 1305 1307 1403 1603 
1101 1105 1201 1303 1304 1306 1307 1401 1602 1604 1802 
1101 1104 1105 1203 1205 1303 1304 1306 1307 1504 1602 1603 1604 1703 1802 
1101 1201 1301 1302 1303 1304 1306 1307 1504 1602 1603 1604 1701 1802 
1101 1201 1205 1206 1304 1307 1405 1504 1601 1602 1604 1605 1702 1703 1802 
1101 1102 1104 1105 1301 1303 1305 1306 1307 1401 1402 1602 1701 1802 
1101 1103 1105 1201 1202 1205 1306 1307 1401 1402 1504 1602 1603 1604 1802 
1101 1102 1105 1201 1206 1301 1303 1306 1307 1504 1601 1604 1703 1704 1802 
1101 1201 1205 1303 1305 1306 1402 1603 1604 1802 
1101 1102 1104 1201 1203 1205 1301 1302 1305 1306 1307 1405 1602 1604 1701 1702 1802 
1101 1102 1201 1202 1204 1205 1206 1304 1305 1306 1307 1405 1503 1504 1604 1605 1702 1802 
1101 1102 1201 1205 1206 1301 1302 1303 1304 1305 1306 1307 1405 1504 1601 1602 1603 1604 1605 1701 1702 1703 1802 
1101 1102 1105 1201 1203 1205 1206 1301 1302 1303 1304 1305 1307 1403 1503 1504 1601 1603 1604 1701 1703 1802 
1101 1102 1205 1301 1303 1304 1305 1306 1307 1403 1405 1502 1503 1504 1601 1603 1802 
1101 1102 1205 1303 1304 1305 1306 1307 1601 1602 1603 1604 1801 1802 
1101 1206 1307 1401 1402 1403 1405 1602 
1101 1102 1205 1206 1401 1402 1403 1405 1406 1407 1602 1604 1702 1802 
1101 1201 1205 1303 1306 1601 1604 1701 1703 
1101 1307 1401 
1101 1304 1401 
1205 1306 1307 1701 1802 
1101 1401 
1101 1205 1306 1401 1802 
1101 1105 1201 1205 1301 1307 1604 1802 
1101 1602 1604 
1401 1602 
1101 1201 1202 1205 1301 1304 1307 1402 1602 1604 
1101 1401 1601 1602 1802 
1101 1202 1205 1206 1306 1401 1601 1602 
1105 1201 1205 1305 1401 1601 1604 1702 1802 
1101 1301 1304 1307 1401 1502 1601 1602 1604 1605 1802 
1101 1102 1105 1203 1205 1206 1301 1304 1305 1306 1307 1401 1501 1601 1602 1703 1802 
1101 1104 1205 1301 1304 1305 1306 1307 1401 1405 1501 1503 1504 1604 1802 
1101 1102 1105 1201 1304 1306 1401 1405 1604 1605 
1101 1201 1303 1307 1401 1405 
1101 1401 1503 1601 1802 
1101 1401 1402 1405 1601 1604 
1101 1307 1401 1402 1802 
1101 1102 1201 1205 1306 1401 1405 1504 1604 1701 
1101 1401 1603 1802 
1101 1104 1201 1301 1303 1304 1306 1401 1601 1602 1604 1703 
1101 1201 1303 1304 1306 1307 1402 1603 1604 1605 
1101 1102 1105 1203 1205 1206 1301 1304 1305 1306 1307 1401 1602 1605 1703 1704 1802 
1101 1102 1201 1205 1301 1302 1303 1306 1401 1402 1602 1802 
1101 1303 1401 1405 1504 1603 1703 1802 
1101 1102 1206 1401 1402 
1101 1201 1205 1306 1401 1402 1601 1802 
1101 1201 1301 1303 1401 1503 1601 1603 1604 1802 
1101 1201 1205 1301 1302 1307 1401 1405 1701 1802 
1101 1102 1105 1306 1401 
1101 1102 1105 1301 1302 1303 1305 1306 1307 1401 1402 1405 1504 1602 
1101 1205 1301 1307 1401 1402 1504 1604 1605 
1101 1205 1306 1401 1402 1501 1602 1603 
1101 1201 1307 1401 1402 1604 
1101 1306 1307 1401 1501 1604 
1101 1301 1304 1305 1306 1307 1401 1402 1405 1802 
1101 1401 1402 1604 1802 
1201 1401 1402 1405 1406 
1101 1104 1307 1401 1402 1403 1405 1503 
1101 1304 1305 1307 1401 1402 1604 1802 
1101 1102 1104 1201 1203 1204 1205 1304 1305 1306 1307 1401 1402 1405 1501 1503 1504 1602 1604 1802 
1101 1307 1401 1402 1403 1405 1501 1504 1604 
1101 1102 1206 1307 1401 1405 1503 1603 1702 1802 
1101 1105 1401 1602 1802 
1101 1102 1201 1205 1401 1403 1602 1604 
1101 1105 1301 1303 1304 1401 1402 1603 1604 1802 
1101 1201 1301 1401 1402 1603 1604 1605 
1101 1103 1401 1405 
1101 1205 1206 1304 1401 1405 1701 1802 
1101 1205 1401 1403 1501 1503 1604 1802 
1101 1102 1401 1402 1602 
1302 1307 1401 1402 1604 1605 1703 1802 
1101 1102 1201 1302 1305 1307 1401 1402 1802 
1101 1102 1201 1301 1306 1307 1401 1403 1602 1604 1802 
1101 1102 1401 1402 1604 1704 
1101 1301 1303 1304 1305 1306 1307 1401 1601 1802 
1101 1105 1201 1203 1205 1206 1301 1306 1307 1601 1602 1603 1604 1605 1701 1703 1802 
1101 1103 1104 1205 1206 1304 1306 1307 1401 1601 1603 1604 
1101 1401 1405 1604 1702 1703 1802 
1101 1201 1205 1303 1401 
1101 1104 1205 1301 1306 1401 1605 
1101 1201 1205 1302 1304 1307 1602 1603 1604 1605 1701 1802 
1101 1102 1103 1205 1206 1301 1303 1304 1305 1306 1307 1601 1605 
1101 1201 1205 1301 1307 1401 1403 1503 1604 
1101 1205 1306 1601 1602 1604 1701 1802 
1101 1105 1203 1205 1206 1304 1305 1307 1405 1504 1601 1602 1802 
1101 1401 1701 
1101 1401 1402 1604 
1101 1201 1401 1402 1802 
1101 1201 1401 1402 
1101 1201 1301 1307 1401 
1401 1402 1405 1602 
1101 1205 1301 1302 1304 1305 1306 1307 1401 1504 1604 1802 
1105 1401 1702 1704 
1101 1203 1206 1304 1401 1402 1405 1602 
1101 1105 1401 1703 
1201 1301 1306 1401 1603 1604 1802 
1101 1102 1105 1201 1205 1301 1302 1303 1306 1307 1504 1601 1602 1604 1605 1701 1703 1802 
1101 1104 1201 1205 1206 1302 1306 1307 1401 1601 1603 1604 1701 1802 
1101 1104 1201 1205 1301 1303 1304 1306 1307 1405 1604 
1101 1102 1105 1301 1302 1305 1306 1401 1503 1602 1604 1701 
1101 1102 1201 1205 1301 1303 1304 1305 1306 1401 1504 1601 1602 1604 1704 1802 
1101 1102 1201 1301 1303 1305 1306 1307 1401 1504 1602 1603 1604 1605 1802 
1101 1102 1104 1201 1206 1302 1304 1306 1307 1401 1403 1501 1701 1704 1802 
1101 1205 1302 1303 1306 1601 1602 1603 1604 1701 1703 1802 
1101 1102 1105 1201 1204 1205 1206 1302 1307 1405 1602 1603 1604 1605 1701 1704 1802 
1101 1102 1104 1105 1201 1205 1206 1301 1304 1306 1307 1401 1603 1703 1802 
1101 1104 1202 1206 1303 1305 1306 1307 1401 1601 1602 1603 1604 1605 1802 
1101 1201 1301 1304 1306 1307 1601 1604 1701 
1101 1102 1201 1202 1205 1301 1302 1305 1306 1307 1504 1601 1602 1603 1604 1802 
1101 1104 1105 1201 1205 1301 1306 1602 1701 1802 
1101 1104 1105 1201 1205 1301 1302 1303 1304 1305 1307 1504 1601 1602 1603 1604 1701 1802 
1101 1102 1104 1201 1205 1301 1302 1303 1305 1306 1307 1503 1504 1601 1602 1603 1604 1701 1703 1704 1802 
1101 1201 1205 1302 1303 1305 1306 1307 1405 1504 1601 1602 1603 1604 1605 1701 1802 
1101 1102 1201 1205 1301 1302 1304 1305 1306 1307 1504 1602 1604 1702 1704 1802 
1101 1104 1105 1201 1301 1302 1303 1304 1305 1306 1307 1405 1501 1504 1601 1602 1604 1802 
1101 1102 1201 1205 1206 1301 1303 1304 1305 1307 1602 1603 1604 1701 1802 
1101 1201 1205 1301 1302 1304 1306 1307 1405 1603 1604 1605 1802 
1101 1104 1201 1303 1305 1306 1307 1401 1403 1406 1407 1504 1601 1602 1603 1802 
1101 1105 1201 1203 1205 1206 1301 1302 1303 1304 1306 1307 1502 1504 1601 1602 1603 1604 1605 1701 1703 1704 1802 
1101 1102 1105 1201 1206 1301 1302 1305 1306 1307 1601 1604 1605 1802 
1101 1102 1201 1301 1302 1303 1306 1307 1601 1604 1701 1703 1704 1802 
1101 1102 1201 1205 1301 1302 1303 1304 1306 1307 1602 1604 1701 1703 1704 1802 
1101 1102 1104 1105 1201 1204 1205 1206 1304 1306 1307 1402 1501 1502 1503 1602 1603 1604 1802 
1101 1105 1201 1307 1601 1604 1605 1701 
1101 1201 1205 1301 1303 1304 1306 1307 1601 1602 1603 1604 1802 
1101 1102 1103 1201 1205 1301 1303 1305 1306 1307 1402 1405 1802 
1101 1102 1105 1205 1304 1305 1307 1405 1503 1604 1802 
1101 1102 1105 1201 1206 1301 1302 1304 1307 1405 1601 1604 1701 1702 
1101 1102 1104 1201 1205 1206 1305 1306 1504 1601 1603 1604 1802 
1101 1104 1201 1205 1302 1403 1503 1601 1602 1603 1604 1605 1701 1802 
1101 1102 1105 1201 1205 1301 1302 1303 1304 1305 1307 1601 1602 1603 1604 1605 1701 1802 
1101 1201 1301 1302 1303 1304 1305 1306 1307 1403 1405 1502 1602 1604 1605 1802 
1101 1102 1201 1206 1301 1303 1306 1307 1503 1601 1604 1701 1703 1802 
1101 1102 1104 1105 1201 1205 1301 1304 1305 1306 1307 1401 1405 1503 1601 1602 1603 1604 1802 
1101 1201 1205 1206 1303 1304 1305 1307 1403 1501 1504 1603 1604 1704 1802 
1101 1105 1201 1205 1301 1302 1304 1306 1307 1405 1504 1601 1603 1604 1605 1703 1802 
1101 1102 1104 1201 1205 1301 1302 1303 1304 1306 1307 1405 1601 1603 1604 1701 1703 1802 
1101 1104 1201 1205 1301 1302 1304 1305 1306 1307 1401 1405 1602 1604 1802 
1101 1102 1104 1204 1205 1302 1304 1306 1401 1405 1503 1601 1604 1802 
1101 1102 1104 1105 1201 1203 1205 1301 1302 1303 1304 1306 1307 1401 1402 1403 1405 1406 1602 1604 1703 1802 
1101 1102 1104 1105 1202 1205 1301 1302 1306 1307 1601 1802 
1101 1102 1104 1105 1201 1203 1301 1304 1305 1306 1307 1405 1602 1603 1604 1802 
1101 1102 1201 1301 1303 1305 1306 1307 1405 1504 1601 1604 
1101 1102 1105 1201 1205 1301 1306 1307 1601 1603 1604 
1101 1102 1104 1105 1201 1205 1206 1304 1305 1306 1307 1501 1504 1602 1604 1605 1802 
1101 1102 1201 1205 1206 1303 1304 1306 1307 1401 1603 1604 1701 1802 
1101 1102 1105 1201 1204 1205 1301 1304 1306 1307 1601 1602 1603 1604 1802 
1101 1102 1104 1203 1205 1301 1303 1304 1306 1307 1401 1403 1406 1407 1504 1602 1604 1802 
1101 1102 1104 1105 1201 1202 1205 1301 1303 1304 1305 1306 1307 1504 1601 1602 1604 1701 1704 1802 
1101 1102 1104 1201 1206 1304 1305 1306 1307 1603 1604 1605 1802 
1101 1102 1205 1206 1301 1303 1305 1306 1307 1504 1601 1602 1604 1802 
1101 1102 1201 1205 1206 1301 1302 1303 1304 1305 1306 1307 1502 1601 1602 1603 1604 1605 1701 1702 1703 1704 1802 
1101 1103 1105 1201 1205 1206 1301 1304 1305 1306 1307 1604 1704 1802 
1101 1102 1201 1205 1206 1307 1403 1405 1406 1601 1602 1603 1604 1701 1704 1802 
1101 1104 1205 1303 1304 1305 1306 1604 1802 
1101 1102 1104 1105 1301 1303 1304 1306 1307 1504 1602 1603 1604 1701 1802 
1101 1102 1201 1304 1307 1401 1602 1603 1604 1605 
1101 1104 1201 1205 1304 1401 1405 1602 1604 1605 1802 
1101 1205 1206 1303 1307 1401 1405 1503 1602 1603 1802 
1101 1102 1204 1205 1206 1301 1303 1304 1305 1306 1307 1403 1503 1504 1602 1603 1604 1802 
1101 1201 1205 1401 1504 1601 1604 1802 
1101 1201 1205 1307 1401 1504 1601 1604 1802 
1101 1205 1304 1306 1604 1701 1802 
1101 1104 1203 1205 1206 1304 1305 1306 1307 1401 1402 1501 1602 1604 1802 
1101 1102 1105 1201 1205 1301 1302 1303 1304 1305 1306 1307 1401 1402 1405 1504 1602 1603 1604 1605 1802 
1101 1102 1105 1201 1205 1302 1304 1305 1306 1307 1405 1503 1504 1604 1605 1701 1704 1802 
1101 1102 1105 1301 1304 1306 1307 1601 1603 1604 1703 
1101 1102 1103 1202 1205 1301 1302 1303 1305 1306 1307 1401 1402 1503 1504 1604 1802 
1101 1104 1206 1305 1306 1307 1402 1602 1604 1701 1704 1802 
1101 1205 1206 1301 1303 1304 1305 1306 1307 1503 1504 1701 1802 
1101 1102 1104 1201 1202 1301 1302 1303 1602 1604 1605 1703 1802 
1101 1102 1104 1201 1205 1301 1302 1303 1306 1602 1603 1604 1605 1802 
1101 1201 1203 1205 1301 1303 1304 1305 1307 1503 1504 1602 1604 1802 
1101 1102 1104 1201 1202 1203 1205 1206 1301 1304 1305 1306 1307 1405 1501 1503 1602 1603 1604 1701 1802 
1101 1102 1201 1301 1303 1304 1305 1306 1401 1603 1604 1802 
1101 1105 1201 1204 1205 1302 1303 1306 1307 1504 1603 1604 1802 
1101 1102 1103 1104 1105 1201 1204 1205 1306 1307 1501 1504 1601 1602 1603 1604 1701 1704 1802 
1101 1103 1105 1201 1203 1204 1205 1206 1301 1304 1305 1306 1307 1503 1602 1603 1604 1802 
1101 1102 1104 1201 1203 1205 1206 1301 1304 1306 1307 1501 1604 1802 
1101 1102 1201 1203 1303 1304 1305 1306 1307 1501 1601 1602 1603 1604 1801 1802 
1101 1102 1104 1105 1201 1205 1302 1306 1307 1405 1504 1602 1603 1604 1605 1701 1802 
1101 1201 1304 1306 1307 1402 1403 1601 1602 1603 1604 1605 1701 1802 
1101 1102 1104 1105 1201 1205 1301 1302 1304 1306 1307 1403 1603 1604 1605 1802 
1101 1104 1205 1306 1307 1401 1402 1503 1603 1604 1701 1802 
1101 1102 1104 1203 1205 1303 1305 1307 1405 1601 1602 1603 1604 1701 
1101 1102 1104 1201 1205 1206 1303 1304 1307 1401 1405 1504 1604 1802 
1101 1102 1104 1105 1201 1205 1206 1301 1302 1304 1305 1306 1307 1602 1603 1604 1701 1802 
1101 1104 1105 1201 1205 1301 1302 1303 1304 1305 1307 1601 1602 1603 1604 1802 
1101 1102 1201 1205 1301 1303 1306 1307 1401 1603 1604 1605 1704 
1101 1401 1402 1802 
1101 1401 1604 
1401 1405 1802 
1101 1201 1401 1402 1403 1604 
1101 1303 1306 1401 1402 1604 1802 
1101 1102 1105 1201 1301 1302 1303 1307 1401 1501 1602 1603 1604 1605 1701 
1101 1102 1104 1201 1306 1307 1401 1604 1701 1704 
1101 1205 1401 1602 1604 1802 
1101 1307 1401 1503 1604 1802 
1101 1205 1306 1401 1402 1604 1802 
1101 1401 1603 1604 1802 
1101 1205 1306 1401 1402 1605 
1101 1104 1201 1205 1303 1304 1305 1306 1307 1401 1402 1405 1602 1604 1802 
1101 1104 1205 1206 1301 1401 1402 1504 1603 1604 1802 
1205 1604 1802 
1101 1206 1802 
1101 1102 1104 1105 1205 1206 1301 1305 1306 1501 1503 1504 1602 1603 1604 1802 
1101 1102 1201 1205 1301 1304 1305 1307 1403 1405 1406 1503 1504 1603 1604 1605 1704 1802 
1101 1201 1202 1203 1205 1301 1303 1305 1306 1307 1504 1604 1701 
1101 1104 1301 1303 1307 1401 1503 1601 1602 1604 1701 1802 
1101 1105 1206 1302 1305 1306 1307 1401 1402 1504 1604 1801 1802 
1101 1102 1201 1301 1303 1306 1307 1602 1604 1701 1802 
1101 1206 1301 1302 1304 1306 1307 1401 1601 1602 1701 
1101 1102 1201 1205 1301 1302 1303 1305 1306 1307 1401 1402 1407 1601 1602 
1101 1102 1201 1205 1206 1306 1307 1602 1604 1605 1802 
1101 1102 1105 1201 1205 1301 1304 1305 1306 1307 1405 1602 1604 1605 1701 1802 
1101 1105 1301 1306 1307 1403 1602 1604 1703 1802 
1101 1104 1105 1201 1301 1302 1303 1304 1305 1306 1307 1401 1503 1504 1601 1602 1604 1701 1802 
1101 1102 1104 1105 1201 1205 1303 1306 1307 1401 1503 1504 1601 1602 1604 1701 1702 1703 1802 
1101 1105 1201 1205 1303 1306 1307 1403 1406 1504 1601 1602 1604 1701 1802 
1101 1102 1201 1204 1205 1301 1303 1306 1307 1403 1405 1602 1604 1802 
1101 1102 1103 1105 1201 1205 1301 1303 1304 1306 1307 1504 1604 1701 1702 1704 1802 
1101 1102 1105 1201 1205 1304 1305 1306 1307 1402 1405 1501 1504 1604 1701 1802 
1101 1105 1201 1204 1205 1206 1301 1303 1304 1305 1306 1307 1501 1504 1601 1602 1603 1604 1605 1701 1702 1704 1802 
1101 1201 1205 1301 1306 1307 1502 1604 1701 1702 1704 1802 
1101 1104 1105 1201 1206 1301 1303 1306 1307 1402 1403 1405 1502 1604 1605 1701 1703 1802 
1101 1201 1301 1303 1305 1306 1307 1401 1603 1604 1605 1701 1703 1802 
1101 1102 1103 1104 1201 1205 1206 1302 1306 1307 1501 1503 1602 1603 1604 1605 1802 
1101 1102 1105 1201 1205 1307 1401 1402 1502 1504 1603 1604 1605 1702 1703 1802 
1101 1105 1201 1204 1205 1206 1301 1305 1306 1401 1501 1502 1503 1602 1604 1605 1702 1703 1802 
1101 1104 1105 1201 1202 1204 1205 1206 1301 1302 1303 1304 1305 1307 1501 1504 1601 1602 1603 1604 1702 1703 1802 
1101 1102 1105 1203 1205 1301 1302 1303 1304 1305 1306 1307 1504 1601 1602 1603 1604 1701 1704 1802 
1101 1104 1201 1205 1206 1301 1303 1305 1306 1307 1602 1603 1604 1704 1802 
1101 1102 1103 1104 1201 1205 1206 1301 1303 1304 1307 1601 1602 1603 1604 1605 1702 1802 
1101 1102 1104 1105 1201 1203 1205 1301 1302 1304 1306 1307 1405 1504 1602 1603 1604 1702 1703 1802 
1101 1104 1105 1201 1204 1205 1301 1302 1303 1304 1305 1306 1307 1405 1504 1603 1604 1605 1701 1802 
1101 1102 1104 1204 1301 1302 1303 1305 1307 1401 1504 1603 1701 1704 1802 
1101 1102 1104 1205 1301 1303 1304 1306 1307 1402 1602 1603 1604 1702 1703 1802 
1101 1102 1104 1105 1201 1205 1301 1304 1305 1306 1307 1401 1402 1504 1601 1603 1604 1704 1802 
1101 1201 1205 1304 1306 1307 1401 1402 1603 1802 
1101 1102 1104 1204 1205 1206 1301 1303 1304 1306 1307 1401 1403 1501 1503 1601 1602 1604 1605 1802 
1101 1102 1104 1105 1203 1205 1306 1307 1502 1601 1702 1704 1802 
1101 1201 1205 1306 1504 1604 1802 
1101 1102 1104 1105 1301 1302 1303 1304 1306 1307 1401 1602 1603 1604 1801 1802 
1101 1105 1301 1401 1602 1604 1701 
1101 1201 1301 1305 1401 1605 1701 
1101 1201 1205 1307 1401 1403 1601 1602 1603 1605 1701 1702 
1101 1205 1301 1401 1702 
1101 1102 1105 1301 1306 1401 1604 
1101 1102 1201 1205 1305 1307 1401 1604 1701 
1101 1305 1306 1401 1601 1602 1703 
1101 1105 1301 1306 1307 1602 1604 1701 
1101 1102 1301 1302 1303 1304 1306 1401 1802 
1101 1104 1203 1205 1301 1306 1307 1401 1602 1604 1605 
1101 1201 1202 1205 1301 1303 1401 1504 1604 1802 
1101 1104 1105 1205 1301 1303 1304 1307 1401 1602 1604 1704 
1101 1102 1201 1205 1301 1306 1307 1405 1504 1601 1602 1604 1701 1703 1802 
1101 1301 1302 1306 1602 
1101 1104 1201 1203 1205 1206 1301 1303 1304 1305 1306 1307 1603 1605 1701 
1101 1104 1201 1202 1205 1301 1303 1306 1307 1401 1602 1604 1702 1703 1802 
1101 1102 1104 1302 1303 1306 1405 1602 1604 1605 
1101 1201 1301 1303 1304 1306 1401 1405 1602 1603 1704 1802 
1101 1205 1301 1401 1504 1602 1604 1701 1802 
1101 1102 1201 1203 1205 1206 1302 1303 1305 1306 1307 1401 1601 1602 1603 1604 1605 1802 
1101 1102 1105 1202 1301 1302 1303 1305 1306 1307 1405 1504 1601 1602 1605 1802 
1101 1102 1205 1301 1303 1304 1305 1306 1307 1403 1504 1601 1603 1604 1701 1703 1704 1802 
1101 1102 1104 1201 1205 1206 1301 1304 1306 1307 1403 1602 1603 1604 1605 
1101 1103 1104 1105 1201 1202 1205 1301 1303 1304 1305 1306 1307 1401 1405 1602 1701 1802 
1101 1102 1205 1206 1303 1305 1306 1401 1403 1601 1602 1603 1802 
1101 1102 1201 1205 1206 1305 1401 1602 1604 1605 1802 
1101 1102 1201 1203 1205 1206 1301 1304 1306 1307 1504 1601 1602 1603 1701 1704 1802 
1101 1102 1104 1105 1201 1205 1301 1304 1306 1307 1602 1604 1802 
1101 1104 1205 1303 1304 1307 1504 1602 1603 1604 1802 
1101 1201 1206 1301 1302 1303 1304 1306 1401 1403 1602 1603 1701 1704 1802 
1101 1105 1201 1205 1301 1306 1307 1401 1405 1601 1602 1604 1701 1802 
1101 1102 1104 1202 1205 1206 1301 1304 1305 1306 1307 1401 1502 1602 1604 1701 1802 
1101 1203 1301 1304 1307 1401 1402 1601 1604 1802 
1101 1205 1306 1401 1405 1602 1604 1802 
1101 1103 1202 1205 1301 1303 1304 1306 1307 1401 1405 1503 1604 1704 1802 
1101 1301 1303 1304 1307 1401 1602 1603 1604 1701 1802 2201 
1101 1105 1201 1206 1301 1303 1304 1306 1307 1401 1601 1602 1603 1604 1605 1701 1802 
1101 1103 1105 1201 1301 1305 1306 1307 1501 1503 1602 1603 1604 1605 1703 
1101 1102 1201 1203 1301 1304 1306 1307 1401 1801 1802 
1101 1102 1105 1201 1205 1301 1303 1304 1306 1307 1401 1402 1403 1405 1602 1604 
1101 1102 1205 1301 1303 1304 1305 1306 1307 1401 1403 1501 1603 1604 1802 
1101 1104 1105 1201 1206 1306 1307 1403 1501 1604 1701 1802 
1101 1102 1103 1104 1201 1203 1205 1206 1306 1307 1602 1603 1604 1701 1802 
1101 1104 1206 1301 1302 1303 1304 1306 1307 1602 1604 1802 
1101 1102 1201 1205 1303 1304 1307 1405 1603 1604 1605 1701 
1101 1102 1105 1201 1205 1206 1301 1302 1304 1305 1306 1307 1401 1501 1504 1602 1604 1605 1702 1703 1704 1802 
1101 1104 1205 1301 1303 1306 1307 1405 1504 1601 1602 1603 1604 1702 1704 1802 
1101 1104 1201 1307 1602 1603 1604 
1101 1102 1105 1201 1205 1301 1302 1303 1304 1305 1306 1307 1601 1602 1703 1802 
1101 1102 1103 1104 1201 1202 1203 1204 1205 1206 1302 1303 1304 1305 1306 1307 1503 1504 1602 1603 1604 1701 1703 1802 
1101 1102 1201 1202 1203 1205 1301 1302 1304 1306 1307 1401 1402 1406 1602 1603 1802 
1101 1102 1201 1204 1205 1301 1303 1304 1305 1307 1401 1405 1504 1601 1602 1604 1702 1802 
1101 1102 1105 1201 1205 1304 1305 1503 1601 1602 1603 1604 1802 
1101 1102 1104 1201 1203 1205 1301 1303 1304 1305 1306 1307 1405 1602 1603 1604 1605 
1101 1102 1103 1104 1105 1205 1301 1303 1305 1306 1307 1401 1601 1701 
1101 1102 1103 1105 1201 1205 1206 1301 1302 1304 1305 1306 1307 1504 1601 1602 1604 1701 1802 
1101 1205 1206 1306 1401 1501 1504 1601 1604 1701 1801 1802 
1101 1105 1201 1205 1301 1303 1304 1305 1306 1307 1501 1502 1602 1603 1604 1605 1802 
1101 1102 1201 1203 1205 1206 1301 1304 1306 1307 1501 1601 1602 1604 1605 1802 
1101 1102 1104 1201 1205 1304 1306 1307 1405 1501 1503 1504 1601 1603 1604 1802 
1101 1204 1205 1301 1302 1304 1305 1306 1307 1402 1504 1602 1603 1604 1605 1701 1802 
1101 1105 1201 1205 1301 1302 1304 1306 1307 1403 1602 1604 1701 1703 
1101 1102 1105 1203 1205 1206 1301 1302 1303 1306 1307 1503 1504 1602 1603 1604 1701 1802 
1101 1201 1205 1206 1302 1304 1305 1306 1307 1504 1602 1603 1604 1701 1703 1802 
1101 1102 1104 1201 1304 1406 1503 1601 1603 1604 1802 
1101 1102 1104 1201 1205 1206 1301 1302 1303 1304 1305 1306 1307 1402 1405 1504 1604 1802 
1101 1205 1302 1304 1305 1307 1406 1504 1604 1605 1802 
1101 1201 1204 1205 1206 1301 1304 1306 1307 1504 1602 1603 1604 1701 1704 1802 
1101 1102 1104 1105 1201 1204 1205 1301 1303 1304 1306 1307 1405 1501 1504 1603 1604 1701 1802 
1101 1102 1104 1201 1206 1301 1303 1307 1405 1603 1604 1802 
1405 1406 
1202 1305 1602 1604 1802 
1101 1102 1104 1205 1307 1604 1802 
1101 1201 1205 1301 1306 1602 1605 1802 
1101 1306 1401 1405 1501 1601 1602 1603 1604 1701 1704 
1101 1104 1201 1304 1305 1306 1307 1504 1601 1602 1603 1604 
1101 1105 1201 1202 1205 1301 1303 1304 1306 1502 1504 1601 1604 1605 1701 1702 1703 1802 
1101 1102 1104 1105 1201 1205 1206 1301 1305 1306 1307 1401 1402 1403 1501 1504 1601 1602 1604 1605 1703 1704 1802 
1101 1201 1205 1206 1301 1303 1307 1401 1603 1604 1605 1802 
1101 1102 1103 1202 1203 1205 1301 1302 1303 1304 1306 1307 1401 1405 1504 1601 1602 1604 1701 1702 1802 
1101 1102 1201 1205 1301 1303 1304 1306 1307 1401 1405 1602 1604 1605 1802 
1101 1102 1105 1201 1206 1301 1303 1305 1306 1307 1403 1501 1503 1504 1602 1604 1802 
1101 1102 1201 1205 1206 1301 1303 1304 1305 1306 1307 1401 1503 1601 1602 1603 1604 1605 1701 1703 1802 
1101 1102 1104 1201 1205 1301 1302 1303 1304 1305 1306 1307 1405 1503 1602 1603 1604 1605 1701 1703 1704 1802 
1101 1102 1201 1203 1205 1301 1303 1304 1307 1402 1405 1501 1504 1601 1602 1603 1604 1703 1704 1802 
1101 1104 1201 1203 1206 1301 1303 1304 1306 1307 1602 1603 1604 1605 1802 
1101 1102 1104 1105 1201 1205 1206 1301 1303 1304 1306 1307 1602 1603 1604 1701 1802 
1101 1104 1201 1202 1204 1205 1206 1301 1302 1303 1306 1307 1502 1504 1601 1602 1603 1604 1605 1704 1802 
1101 1102 1104 1201 1301 1303 1304 1306 1307 1501 1504 1601 1603 1604 1605 1802 
