0.1059824942882186 0.13514860711585866 1
0.1059824942882186 -0.13514860711585866 1
-0.1059824942882186 0.13514860711585866 1
-0.1059824942882186 -0.13514860711585866 1
0.09533651304403006 0.14285791676177595 1
0.09533651304403006 -0.14285791676177595 1
-0.09533651304403006 0.14285791676177595 1
-0.09533651304403006 -0.14285791676177595 1
0.1163989085125288 0.12628827814964047 1
0.1163989085125288 -0.12628827814964047 1
-0.1163989085125288 0.12628827814964047 1
-0.1163989085125288 -0.12628827814964047 1
0.1427569988754997 0.0954875613520923 1
0.1427569988754997 -0.0954875613520923 1
-0.1427569988754997 0.0954875613520923 1
-0.1427569988754997 -0.0954875613520923 1
0.023986035773602796 0.3542996207272253 1
0.023986035773602796 -0.3542996207272253 1
-0.023986035773602796 0.3542996207272253 1
-0.023986035773602796 -0.3542996207272253 1
0.20362620283140184 0.29092940841388487 1
0.20362620283140184 -0.29092940841388487 1
-0.20362620283140184 0.29092940841388487 1
-0.20362620283140184 -0.29092940841388487 1
0.2876044423364763 0.20829602950587586 1
0.2876044423364763 -0.20829602950587586 1
-0.2876044423364763 0.20829602950587586 1
-0.2876044423364763 -0.20829602950587586 1
0.32966758393621975 0.13199558803703912 1
0.32966758393621975 -0.13199558803703912 1
-0.32966758393621975 0.13199558803703912 1
-0.32966758393621975 -0.13199558803703912 1
0.6192725688906359 0.7292733760396456 1
0.6192725688906359 -0.7292733760396456 1
-0.6192725688906359 0.7292733760396456 1
-0.6192725688906359 -0.7292733760396456 1
0.23698182104367335 0.9269184365819326 1
0.23698182104367335 -0.9269184365819326 1
-0.23698182104367335 0.9269184365819326 1
-0.23698182104367335 -0.9269184365819326 1
0.04627604739320047 0.9556132580800311 1
0.04627604739320047 -0.9556132580800311 1
-0.04627604739320047 0.9556132580800311 1
-0.04627604739320047 -0.9556132580800311 1
0.31947456241276484 0.9018171519503508 1
0.31947456241276484 -0.9018171519503508 1
-0.31947456241276484 0.9018171519503508 1
-0.31947456241276484 -0.9018171519503508 1
0.6787588204295995 0.6133656679534942 1
0.6787588204295995 -0.6133656679534942 1
-0.6787588204295995 0.6133656679534942 1
-0.6787588204295995 -0.6133656679534942 1
0.44233471448690737 0.8007939680684436 1
0.44233471448690737 -0.8007939680684436 1
-0.44233471448690737 0.8007939680684436 1
-0.44233471448690737 -0.8007939680684436 1
0.6852772963533306 0.6060742578576381 1
0.6852772963533306 -0.6060742578576381 1
-0.6852772963533306 0.6060742578576381 1
-0.6852772963533306 -0.6060742578576381 1
0.7162250192016077 0.569168429205867 1
0.7162250192016077 -0.569168429205867 1
-0.7162250192016077 0.569168429205867 1
-0.7162250192016077 -0.569168429205867 1
0.6603708359495888 0.701349197074515 1
0.6603708359495888 -0.701349197074515 1
-0.6603708359495888 0.701349197074515 1
-0.6603708359495888 -0.701349197074515 1
0.03121254439660852 0.9628115673807183 1
0.03121254439660852 -0.9628115673807183 1
-0.03121254439660852 0.9628115673807183 1
-0.03121254439660852 -0.9628115673807183 1
0.2949217383612496 0.9170613422513263 1
0.2949217383612496 -0.9170613422513263 1
-0.2949217383612496 0.9170613422513263 1
-0.2949217383612496 -0.9170613422513263 1
0.48883895341410327 0.8300703673995535 1
0.48883895341410327 -0.8300703673995535 1
-0.48883895341410327 0.8300703673995535 1
-0.48883895341410327 -0.8300703673995535 1
0.11762054313588302 0.7704300399934004 1
0.11762054313588302 -0.7704300399934004 1
-0.11762054313588302 0.7704300399934004 1
-0.11762054313588302 -0.7704300399934004 1
0.14490554254794266 0.7657672116450919 1
0.14490554254794266 -0.7657672116450919 1
-0.14490554254794266 0.7657672116450919 1
-0.14490554254794266 -0.7657672116450919 1
0.33093214673748556 0.705606797690847 1
0.33093214673748556 -0.705606797690847 1
-0.33093214673748556 0.705606797690847 1
-0.33093214673748556 -0.705606797690847 1
0.4851527635202315 0.6099375662643636 1
0.4851527635202315 -0.6099375662643636 1
-0.4851527635202315 0.6099375662643636 1
-0.4851527635202315 -0.6099375662643636 1
0.058341228972564114 0.10736514695622007 1
0.058341228972564114 -0.10736514695622007 1
-0.058341228972564114 0.10736514695622007 1
-0.058341228972564114 -0.10736514695622007 1
0.0056872522533748995 0.12205993995069131 1
0.0056872522533748995 -0.12205993995069131 1
-0.0056872522533748995 0.12205993995069131 1
-0.0056872522533748995 -0.12205993995069131 1
0.08546580360240656 0.08733023642218517 1
0.08546580360240656 -0.08733023642218517 1
-0.08546580360240656 0.08733023642218517 1
-0.08546580360240656 -0.08733023642218517 1
0.09564280846489127 0.07604884593409691 1
0.09564280846489127 -0.07604884593409691 1
-0.09564280846489127 0.07604884593409691 1
-0.09564280846489127 -0.07604884593409691 1
0.22955029527475948 0.6980618642176967 1
0.22955029527475948 -0.6980618642176967 1
-0.22955029527475948 0.6980618642176967 1
-0.22955029527475948 -0.6980618642176967 1
0.24466012148442445 0.6929106214303847 1
0.24466012148442445 -0.6929106214303847 1
-0.24466012148442445 0.6929106214303847 1
-0.24466012148442445 -0.6929106214303847 1
0.638795822270097 0.363212887692722 1
0.638795822270097 -0.363212887692722 1
-0.638795822270097 0.363212887692722 1
-0.638795822270097 -0.363212887692722 1
0.1777353209801353 0.7130174331753071 1
0.1777353209801353 -0.7130174331753071 1
-0.1777353209801353 0.7130174331753071 1
-0.1777353209801353 -0.7130174331753071 1
0.05177031583354466 0.7835323575506004 1
0.05177031583354466 -0.7835323575506004 1
-0.05177031583354466 0.7835323575506004 1
-0.05177031583354466 -0.7835323575506004 1
0.34481966167409767 0.7054803483111827 1
0.34481966167409767 -0.7054803483111827 1
-0.34481966167409767 0.7054803483111827 1
-0.34481966167409767 -0.7054803483111827 1
0.040791529436099504 0.7841805736286577 1
0.040791529436099504 -0.7841805736286577 1
-0.040791529436099504 0.7841805736286577 1
-0.040791529436099504 -0.7841805736286577 1
0.7428046893086868 0.2546454681931962 1
0.7428046893086868 -0.2546454681931962 1
-0.7428046893086868 0.2546454681931962 1
-0.7428046893086868 -0.2546454681931962 1
0.012252268710132484 0.09487429519004403 1
0.012252268710132484 -0.09487429519004403 1
-0.012252268710132484 0.09487429519004403 1
-0.012252268710132484 -0.09487429519004403 1
0.07574626082824316 0.05842733903655598 1
0.07574626082824316 -0.05842733903655598 1
-0.07574626082824316 0.05842733903655598 1
-0.07574626082824316 -0.05842733903655598 1
0.014619354686506408 0.09453848129149858 1
0.014619354686506408 -0.09453848129149858 1
-0.014619354686506408 0.09453848129149858 1
-0.014619354686506408 -0.09453848129149858 1
0.03129016508814015 0.09040008597954893 1
0.03129016508814015 -0.09040008597954893 1
-0.03129016508814015 0.09040008597954893 1
-0.03129016508814015 -0.09040008597954893 1
0.072329182172268 0.10382720129587795 1
0.072329182172268 -0.10382720129587795 1
-0.072329182172268 0.10382720129587795 1
-0.072329182172268 -0.10382720129587795 1
0.10929801265277628 0.0637616087688936 1
0.10929801265277628 -0.0637616087688936 1
-0.10929801265277628 0.0637616087688936 1
-0.10929801265277628 -0.0637616087688936 1
0.1205315052280356 0.03851953491551942 1
0.1205315052280356 -0.03851953491551942 1
-0.1205315052280356 0.03851953491551942 1
-0.1205315052280356 -0.03851953491551942 1
0.004817664073804973 0.1264451993375623 1
0.004817664073804973 -0.1264451993375623 1
-0.004817664073804973 0.1264451993375623 1
-0.004817664073804973 -0.1264451993375623 1
0.29457345444326244 0.8373034558400154 1
0.29457345444326244 -0.8373034558400154 1
-0.29457345444326244 0.8373034558400154 1
-0.29457345444326244 -0.8373034558400154 1
0.4103288659961904 0.7870710380610825 1
0.4103288659961904 -0.7870710380610825 1
-0.4103288659961904 0.7870710380610825 1
-0.4103288659961904 -0.7870710380610825 1
0.8688896150550082 0.18133238561776313 1
0.8688896150550082 -0.18133238561776313 1
-0.8688896150550082 0.18133238561776313 1
-0.8688896150550082 -0.18133238561776313 1
0.09249028287484676 0.8827775171570695 1
0.09249028287484676 -0.8827775171570695 1
-0.09249028287484676 0.8827775171570695 1
-0.09249028287484676 -0.8827775171570695 1
0.0036161567446312748 0.00429864570909952 1
0.0036161567446312748 -0.00429864570909952 1
-0.0036161567446312748 0.00429864570909952 1
-0.0036161567446312748 -0.00429864570909952 1
0.002104089634229678 0.005208430794896788 1
0.002104089634229678 -0.005208430794896788 1
-0.002104089634229678 0.005208430794896788 1
-0.002104089634229678 -0.005208430794896788 1
0.005382083005055248 0.0016087656948099807 1
0.005382083005055248 -0.0016087656948099807 1
-0.005382083005055248 0.0016087656948099807 1
-0.005382083005055248 -0.0016087656948099807 1
0.001639419901110879 0.00537282485494768 1
0.001639419901110879 -0.00537282485494768 1
-0.001639419901110879 0.00537282485494768 1
-0.001639419901110879 -0.00537282485494768 1
0.3995499680251296 0.1761236512495214 1
0.3995499680251296 -0.1761236512495214 1
-0.3995499680251296 0.1761236512495214 1
-0.3995499680251296 -0.1761236512495214 1
0.2360819293876327 0.36732143974311915 1
0.2360819293876327 -0.36732143974311915 1
-0.2360819293876327 0.36732143974311915 1
-0.2360819293876327 -0.36732143974311915 1
0.07541916584935318 0.43008332553231227 1
0.07541916584935318 -0.43008332553231227 1
-0.07541916584935318 0.43008332553231227 1
-0.07541916584935318 -0.43008332553231227 1
0.20842189583045911 0.3836926254396641 1
0.20842189583045911 -0.3836926254396641 1
-0.20842189583045911 0.3836926254396641 1
-0.20842189583045911 -0.3836926254396641 1
0.015682472718770178 0.03785860718940864 1
0.015682472718770178 -0.03785860718940864 1
-0.015682472718770178 0.03785860718940864 1
-0.015682472718770178 -0.03785860718940864 1
0.016675421858912312 0.03743186336163649 1
0.016675421858912312 -0.03743186336163649 1
-0.016675421858912312 0.03743186336163649 1
-0.016675421858912312 -0.03743186336163649 1
0.03226534800005139 0.02526185676731808 1
0.03226534800005139 -0.02526185676731808 1
-0.03226534800005139 0.02526185676731808 1
-0.03226534800005139 -0.02526185676731808 1
0.006174527910465544 0.04051036032893063 1
0.006174527910465544 -0.04051036032893063 1
-0.006174527910465544 0.04051036032893063 1
-0.006174527910465544 -0.04051036032893063 1
0.4090943581059975 0.42784125160411757 1
0.4090943581059975 -0.42784125160411757 1
-0.4090943581059975 0.42784125160411757 1
-0.4090943581059975 -0.42784125160411757 1
0.20140232007886893 0.5566358197917062 1
0.20140232007886893 -0.5566358197917062 1
-0.20140232007886893 0.5566358197917062 1
-0.20140232007886893 -0.5566358197917062 1
0.26132107662056947 0.5311474609957223 1
0.26132107662056947 -0.5311474609957223 1
-0.26132107662056947 0.5311474609957223 1
-0.26132107662056947 -0.5311474609957223 1
0.28077550131196655 0.5211251752423306 1
0.28077550131196655 -0.5211251752423306 1
-0.28077550131196655 0.5211251752423306 1
-0.28077550131196655 -0.5211251752423306 1
0.03630993754991327 0.2057940540211715 1
0.03630993754991327 -0.2057940540211715 1
-0.03630993754991327 0.2057940540211715 1
-0.03630993754991327 -0.2057940540211715 1
0.194067581766272 0.07750727670831162 1
0.194067581766272 -0.07750727670831162 1
-0.194067581766272 0.07750727670831162 1
-0.194067581766272 -0.07750727670831162 1
0.14794143830158765 0.14759043013896597 1
0.14794143830158765 -0.14759043013896597 1
-0.14794143830158765 0.14759043013896597 1
-0.14794143830158765 -0.14759043013896597 1
0.09491091989273794 0.186176049803571 1
0.09491091989273794 -0.186176049803571 1
-0.09491091989273794 0.186176049803571 1
-0.09491091989273794 -0.186176049803571 1
0.22222443682537094 0.21297924135276505 1
0.22222443682537094 -0.21297924135276505 1
-0.22222443682537094 0.21297924135276505 1
-0.22222443682537094 -0.21297924135276505 1
0.28718692723065775 0.11075886599891457 1
0.28718692723065775 -0.11075886599891457 1
-0.28718692723065775 0.11075886599891457 1
-0.28718692723065775 -0.11075886599891457 1
0.023467518458141365 0.306908998152497 1
0.023467518458141365 -0.306908998152497 1
-0.023467518458141365 0.306908998152497 1
-0.023467518458141365 -0.306908998152497 1
0.29943960621991406 0.07127257394268458 1
0.29943960621991406 -0.07127257394268458 1
-0.29943960621991406 0.07127257394268458 1
-0.29943960621991406 -0.07127257394268458 1
0.04595282883970494 0.06614919236500194 1
0.04595282883970494 -0.06614919236500194 1
-0.04595282883970494 0.06614919236500194 1
-0.04595282883970494 -0.06614919236500194 1
0.06205805504292553 0.05134370392952259 1
0.06205805504292553 -0.05134370392952259 1
-0.06205805504292553 0.05134370392952259 1
-0.06205805504292553 -0.05134370392952259 1
0.04499965174743828 0.06680126848737622 1
0.04499965174743828 -0.06680126848737622 1
-0.04499965174743828 0.06680126848737622 1
-0.04499965174743828 -0.06680126848737622 1
0.009511702814241851 0.0799806579023128 1
0.009511702814241851 -0.0799806579023128 1
-0.009511702814241851 0.0799806579023128 1
-0.009511702814241851 -0.0799806579023128 1
0.7175717920652844 0.3293050060654687 1
0.7175717920652844 -0.3293050060654687 1
-0.7175717920652844 0.3293050060654687 1
-0.7175717920652844 -0.3293050060654687 1
0.1996394497500208 0.7638685449022437 1
0.1996394497500208 -0.7638685449022437 1
-0.1996394497500208 0.7638685449022437 1
-0.1996394497500208 -0.7638685449022437 1
0.2231460431757561 0.7573353994120212 1
0.2231460431757561 -0.7573353994120212 1
-0.2231460431757561 0.7573353994120212 1
-0.2231460431757561 -0.7573353994120212 1
0.635654498435402 0.46828882370434555 1
0.635654498435402 -0.46828882370434555 1
-0.635654498435402 0.46828882370434555 1
-0.635654498435402 -0.46828882370434555 1
0.382217336860467 0.5768368411674089 1
0.382217336860467 -0.5768368411674089 1
-0.382217336860467 0.5768368411674089 1
-0.382217336860467 -0.5768368411674089 1
0.6213337943713216 0.30459013427364723 1
0.6213337943713216 -0.30459013427364723 1
-0.6213337943713216 0.30459013427364723 1
-0.6213337943713216 -0.30459013427364723 1
0.07505365506130152 0.6878937292828314 1
0.07505365506130152 -0.6878937292828314 1
-0.07505365506130152 0.6878937292828314 1
-0.07505365506130152 -0.6878937292828314 1
0.0634117196618515 0.6890644293055831 1
0.0634117196618515 -0.6890644293055831 1
-0.0634117196618515 0.6890644293055831 1
-0.0634117196618515 -0.6890644293055831 1
0.08494459765615704 0.7014801841418322 1
0.08494459765615704 -0.7014801841418322 1
-0.08494459765615704 0.7014801841418322 1
-0.08494459765615704 -0.7014801841418322 1
0.5690279522837199 0.41892388680334497 1
0.5690279522837199 -0.41892388680334497 1
-0.5690279522837199 0.41892388680334497 1
-0.5690279522837199 -0.41892388680334497 1
0.529267197345884 0.46815197022789334 1
0.529267197345884 -0.46815197022789334 1
-0.529267197345884 0.46815197022789334 1
-0.529267197345884 -0.46815197022789334 1
0.4776951925897591 0.5206700840179491 1
0.4776951925897591 -0.5206700840179491 1
-0.4776951925897591 0.5206700840179491 1
-0.4776951925897591 -0.5206700840179491 1
0.6193817911419146 0.15360328289824926 1
0.6193817911419146 -0.15360328289824926 1
-0.6193817911419146 0.15360328289824926 1
-0.6193817911419146 -0.15360328289824926 1
0.18829005499366566 0.6097332424148845 1
0.18829005499366566 -0.6097332424148845 1
-0.18829005499366566 0.6097332424148845 1
-0.18829005499366566 -0.6097332424148845 1
0.2401324577676814 0.5912395237479803 1
0.2401324577676814 -0.5912395237479803 1
-0.2401324577676814 0.5912395237479803 1
-0.2401324577676814 -0.5912395237479803 1
0.20599221815067803 0.6039825972465178 1
0.20599221815067803 -0.6039825972465178 1
-0.20599221815067803 0.6039825972465178 1
-0.20599221815067803 -0.6039825972465178 1
0.2182420014434174 0.785452189620355 1
0.2182420014434174 -0.785452189620355 1
-0.2182420014434174 0.785452189620355 1
-0.2182420014434174 -0.785452189620355 1
0.6671603350105575 0.4684675023542609 1
0.6671603350105575 -0.4684675023542609 1
-0.6671603350105575 0.4684675023542609 1
-0.6671603350105575 -0.4684675023542609 1
0.6700335759776456 0.46434870564700337 1
0.6700335759776456 -0.46434870564700337 1
-0.6700335759776456 0.46434870564700337 1
-0.6700335759776456 -0.46434870564700337 1
0.4107021367915395 0.7041934877633436 1
0.4107021367915395 -0.7041934877633436 1
-0.4107021367915395 0.7041934877633436 1
-0.4107021367915395 -0.7041934877633436 1
0.23117854898564713 0.8856400185946173 1
0.23117854898564713 -0.8856400185946173 1
-0.23117854898564713 0.8856400185946173 1
-0.23117854898564713 -0.8856400185946173 1
0.7175278942854282 0.5682917252342345 1
0.7175278942854282 -0.5682917252342345 1
-0.7175278942854282 0.5682917252342345 1
-0.7175278942854282 -0.5682917252342345 1
0.6076788895332267 0.6844911476878629 1
0.6076788895332267 -0.6844911476878629 1
-0.6076788895332267 0.6844911476878629 1
-0.6076788895332267 -0.6844911476878629 1
0.6363298505090417 0.6579407917119321 1
0.6363298505090417 -0.6579407917119321 1
-0.6363298505090417 0.6579407917119321 1
-0.6363298505090417 -0.6579407917119321 1
2.0691460075752826 0.1759498707464706 -1
2.0691460075752826 -0.1759498707464706 -1
-2.0691460075752826 0.1759498707464706 -1
-2.0691460075752826 -0.1759498707464706 -1
2.039522057452125 0.390734353297328 -1
2.039522057452125 -0.390734353297328 -1
-2.039522057452125 0.390734353297328 -1
-2.039522057452125 -0.390734353297328 -1
0.4237354466580503 2.0329219928285327 -1
0.4237354466580503 -2.0329219928285327 -1
-0.4237354466580503 2.0329219928285327 -1
-0.4237354466580503 -2.0329219928285327 -1
0.16441725764573134 2.0700943270944654 -1
0.16441725764573134 -2.0700943270944654 -1
-0.16441725764573134 2.0700943270944654 -1
-0.16441725764573134 -2.0700943270944654 -1
0.4748447588431225 2.0215949180485313 -1
0.4748447588431225 -2.0215949180485313 -1
-0.4748447588431225 2.0215949180485313 -1
-0.4748447588431225 -2.0215949180485313 -1
1.6541132520280093 1.255481145675137 -1
1.6541132520280093 -1.255481145675137 -1
-1.6541132520280093 1.255481145675137 -1
-1.6541132520280093 -1.255481145675137 -1
1.264825103717791 1.6469793607345873 -1
1.264825103717791 -1.6469793607345873 -1
-1.264825103717791 1.6469793607345873 -1
-1.264825103717791 -1.6469793607345873 -1
0.11278937019334272 2.073548194677862 -1
0.11278937019334272 -2.073548194677862 -1
-0.11278937019334272 2.073548194677862 -1
-0.11278937019334272 -2.073548194677862 -1
2.032204533980373 0.42716307161322625 -1
2.032204533980373 -0.42716307161322625 -1
-2.032204533980373 0.42716307161322625 -1
-2.032204533980373 -0.42716307161322625 -1
0.545544063141574 2.0036729355988747 -1
0.545544063141574 -2.0036729355988747 -1
-0.545544063141574 2.0036729355988747 -1
-0.545544063141574 -2.0036729355988747 -1
1.78607430457884 0.6139899949582552 -1
1.78607430457884 -0.6139899949582552 -1
-1.78607430457884 0.6139899949582552 -1
-1.78607430457884 -0.6139899949582552 -1
1.213140714113751 1.4475271130950205 -1
1.213140714113751 -1.4475271130950205 -1
-1.213140714113751 1.4475271130950205 -1
-1.213140714113751 -1.4475271130950205 -1
0.938238942539233 1.6391317281074413 -1
0.938238942539233 -1.6391317281074413 -1
-0.938238942539233 1.6391317281074413 -1
-0.938238942539233 -1.6391317281074413 -1
0.6351976105995563 1.7786424966457537 -1
0.6351976105995563 -1.7786424966457537 -1
-0.6351976105995563 1.7786424966457537 -1
-0.6351976105995563 -1.7786424966457537 -1
0.863107843788961 1.6799077312089483 -1
0.863107843788961 -1.6799077312089483 -1
-0.863107843788961 1.6799077312089483 -1
-0.863107843788961 -1.6799077312089483 -1
1.6008782381497102 1.0021147648868893 -1
1.6008782381497102 -1.0021147648868893 -1
-1.6008782381497102 1.0021147648868893 -1
-1.6008782381497102 -1.0021147648868893 -1
0.15049836074175743 1.8826564686101577 -1
0.15049836074175743 -1.8826564686101577 -1
-0.15049836074175743 1.8826564686101577 -1
-0.15049836074175743 -1.8826564686101577 -1
0.6306486901975484 1.780260476710569 -1
0.6306486901975484 -1.780260476710569 -1
-0.6306486901975484 1.780260476710569 -1
-0.6306486901975484 -1.780260476710569 -1
0.9443870250605704 1.6355972249557258 -1
0.9443870250605704 -1.6355972249557258 -1
-0.9443870250605704 1.6355972249557258 -1
-0.9443870250605704 -1.6355972249557258 -1
1.5549262501305998 1.072030546225441 -1
1.5549262501305998 -1.072030546225441 -1
-1.5549262501305998 1.072030546225441 -1
-1.5549262501305998 -1.072030546225441 -1
0.6957452381015643 1.8161238388637018 -1
0.6957452381015643 -1.8161238388637018 -1
-0.6957452381015643 1.8161238388637018 -1
-0.6957452381015643 -1.8161238388637018 -1
1.832498475473528 0.6513958641388711 -1
1.832498475473528 -0.6513958641388711 -1
-1.832498475473528 0.6513958641388711 -1
-1.832498475473528 -0.6513958641388711 -1
1.383803947019924 1.3665481589179762 -1
1.383803947019924 -1.3665481589179762 -1
-1.383803947019924 1.3665481589179762 -1
-1.383803947019924 -1.3665481589179762 -1
1.877054351831702 0.5089540202215718 -1
1.877054351831702 -0.5089540202215718 -1
-1.877054351831702 0.5089540202215718 -1
-1.877054351831702 -0.5089540202215718 -1
1.0612114823386691 1.6297844716963636 -1
1.0612114823386691 -1.6297844716963636 -1
-1.0612114823386691 1.6297844716963636 -1
-1.0612114823386691 -1.6297844716963636 -1
1.6785846710218393 0.982201983626858 -1
1.6785846710218393 -0.982201983626858 -1
-1.6785846710218393 0.982201983626858 -1
-1.6785846710218393 -0.982201983626858 -1
1.3100313359460312 1.4374230877753036 -1
1.3100313359460312 -1.4374230877753036 -1
-1.3100313359460312 1.4374230877753036 -1
-1.3100313359460312 -1.4374230877753036 -1
0.011592022618512122 1.9447963542339448 -1
0.011592022618512122 -1.9447963542339448 -1
-0.011592022618512122 1.9447963542339448 -1
-0.011592022618512122 -1.9447963542339448 -1
1.796407476907676 0.7451760941819245 -1
1.796407476907676 -0.7451760941819245 -1
-1.796407476907676 0.7451760941819245 -1
-1.796407476907676 -0.7451760941819245 -1
0.8394874448813412 1.7543169794300653 -1
0.8394874448813412 -1.7543169794300653 -1
-0.8394874448813412 1.7543169794300653 -1
-0.8394874448813412 -1.7543169794300653 -1
1.6221468741490472 1.1481902175771863 -1
1.6221468741490472 -1.1481902175771863 -1
-1.6221468741490472 1.1481902175771863 -1
-1.6221468741490472 -1.1481902175771863 -1
1.1277293056978683 1.6364375546050254 -1
1.1277293056978683 -1.6364375546050254 -1
-1.1277293056978683 1.6364375546050254 -1
-1.1277293056978683 -1.6364375546050254 -1
1.1472579321308582 1.6228063637459333 -1
1.1472579321308582 -1.6228063637459333 -1
-1.1472579321308582 1.6228063637459333 -1
-1.1472579321308582 -1.6228063637459333 -1
0.17954376721946239 1.9792587735574434 -1
0.17954376721946239 -1.9792587735574434 -1
-0.17954376721946239 1.9792587735574434 -1
-0.17954376721946239 -1.9792587735574434 -1
1.7760227267561817 0.8918769708300627 -1
1.7760227267561817 -0.8918769708300627 -1
-1.7760227267561817 0.8918769708300627 -1
-1.7760227267561817 -0.8918769708300627 -1
1.1064479907406823 1.6509009966795036 -1
1.1064479907406823 -1.6509009966795036 -1
-1.1064479907406823 1.6509009966795036 -1
-1.1064479907406823 -1.6509009966795036 -1
0.6787336558727617 1.8678923634505997 -1
0.6787336558727617 -1.8678923634505997 -1
-0.6787336558727617 1.8678923634505997 -1
-0.6787336558727617 -1.8678923634505997 -1
0.36260406340128326 1.9540264968153194 -1
0.36260406340128326 -1.9540264968153194 -1
-0.36260406340128326 1.9540264968153194 -1
-0.36260406340128326 -1.9540264968153194 -1
0.7512550856164067 1.8399231107269012 -1
0.7512550856164067 -1.8399231107269012 -1
-0.7512550856164067 1.8399231107269012 -1
-0.7512550856164067 -1.8399231107269012 -1
0.1406683303444347 1.9824009881680296 -1
0.1406683303444347 -1.9824009881680296 -1
-0.1406683303444347 1.9824009881680296 -1
-0.1406683303444347 -1.9824009881680296 -1
0.9546663917822423 1.3714231367294996 -1
0.9546663917822423 -1.3714231367294996 -1
-0.9546663917822423 1.3714231367294996 -1
-0.9546663917822423 -1.3714231367294996 -1
0.1707608987012401 1.6622364618279344 -1
0.1707608987012401 -1.6622364618279344 -1
-0.1707608987012401 1.6622364618279344 -1
-0.1707608987012401 -1.6622364618279344 -1
0.6136614582146592 1.5542229422632272 -1
0.6136614582146592 -1.5542229422632272 -1
-0.6136614582146592 1.5542229422632272 -1
-0.6136614582146592 -1.5542229422632272 -1
0.7341081289273781 1.501091134674457 -1
0.7341081289273781 -1.501091134674457 -1
-0.7341081289273781 1.501091134674457 -1
-0.7341081289273781 -1.501091134674457 -1
0.6934296414623625 1.520310715576551 -1
0.6934296414623625 -1.520310715576551 -1
-0.6934296414623625 1.520310715576551 -1
-0.6934296414623625 -1.520310715576551 -1
0.27062372401557966 1.648924540285408 -1
0.27062372401557966 -1.648924540285408 -1
-0.27062372401557966 1.648924540285408 -1
-0.27062372401557966 -1.648924540285408 -1
0.3172412312151216 1.6405935940301055 -1
0.3172412312151216 -1.6405935940301055 -1
-0.3172412312151216 1.6405935940301055 -1
-0.3172412312151216 -1.6405935940301055 -1
0.2864105263926347 1.6462558579780358 -1
0.2864105263926347 -1.6462558579780358 -1
-0.2864105263926347 1.6462558579780358 -1
-0.2864105263926347 -1.6462558579780358 -1
1.5006384577803866 0.7350330323094383 -1
1.5006384577803866 -0.7350330323094383 -1
-1.5006384577803866 0.7350330323094383 -1
-1.5006384577803866 -0.7350330323094383 -1
0.4230273266731565 1.6165510262417537 -1
0.4230273266731565 -1.6165510262417537 -1
-0.4230273266731565 1.6165510262417537 -1
-0.4230273266731565 -1.6165510262417537 -1
0.5257032696597685 1.7814793319717026 -1
0.5257032696597685 -1.7814793319717026 -1
-0.5257032696597685 1.7814793319717026 -1
-0.5257032696597685 -1.7814793319717026 -1
0.30249946824677004 1.8326283337555753 -1
0.30249946824677004 -1.8326283337555753 -1
-0.30249946824677004 1.8326283337555753 -1
-0.30249946824677004 -1.8326283337555753 -1
1.0569197850130017 1.5274007679785242 -1
1.0569197850130017 -1.5274007679785242 -1
-1.0569197850130017 1.5274007679785242 -1
-1.0569197850130017 -1.5274007679785242 -1
1.6743982380858982 0.8040044018960067 -1
1.6743982380858982 -0.8040044018960067 -1
-1.6743982380858982 0.8040044018960067 -1
-1.6743982380858982 -0.8040044018960067 -1
1.2019802790329464 1.4160776626969285 -1
1.2019802790329464 -1.4160776626969285 -1
-1.2019802790329464 1.4160776626969285 -1
-1.2019802790329464 -1.4160776626969285 -1
0.946556249931731 1.598143862012583 -1
0.946556249931731 -1.598143862012583 -1
-0.946556249931731 1.598143862012583 -1
-0.946556249931731 -1.598143862012583 -1
1.3935488788849495 1.2280285257809835 -1
1.3935488788849495 -1.2280285257809835 -1
-1.3935488788849495 1.2280285257809835 -1
-1.3935488788849495 -1.2280285257809835 -1
0.25972278285400696 1.839178244227537 -1
0.25972278285400696 -1.839178244227537 -1
-0.25972278285400696 1.839178244227537 -1
-0.25972278285400696 -1.839178244227537 -1
1.7649814396466612 0.5786821715554358 -1
1.7649814396466612 -0.5786821715554358 -1
-1.7649814396466612 0.5786821715554358 -1
-1.7649814396466612 -0.5786821715554358 -1
1.8172401822866597 0.38427940076988665 -1
1.8172401822866597 -0.38427940076988665 -1
-1.8172401822866597 0.38427940076988665 -1
-1.8172401822866597 -0.38427940076988665 -1
0.8703796071205026 1.5036366102317686 -1
0.8703796071205026 -1.5036366102317686 -1
-0.8703796071205026 1.5036366102317686 -1
-0.8703796071205026 -1.5036366102317686 -1
1.0650679925165474 1.3726302806791402 -1
1.0650679925165474 -1.3726302806791402 -1
-1.0650679925165474 1.3726302806791402 -1
-1.0650679925165474 -1.3726302806791402 -1
0.747698313808745 1.5682572963796735 -1
0.747698313808745 -1.5682572963796735 -1
-0.747698313808745 1.5682572963796735 -1
-0.747698313808745 -1.5682572963796735 -1
0.6725943179371995 1.6019053029436905 -1
0.6725943179371995 -1.6019053029436905 -1
-0.6725943179371995 1.6019053029436905 -1
-0.6725943179371995 -1.6019053029436905 -1
1.2960241365043448 1.1570674801923573 -1
1.2960241365043448 -1.1570674801923573 -1
-1.2960241365043448 1.1570674801923573 -1
-1.2960241365043448 -1.1570674801923573 -1
0.024725652822739676 1.7372024517059068 -1
0.024725652822739676 -1.7372024517059068 -1
-0.024725652822739676 1.7372024517059068 -1
-0.024725652822739676 -1.7372024517059068 -1
0.2733730923644354 1.7157362467732706 -1
0.2733730923644354 -1.7157362467732706 -1
-0.2733730923644354 1.7157362467732706 -1
-0.2733730923644354 -1.7157362467732706 -1
1.5357844509741208 0.8123114158170142 -1
1.5357844509741208 -0.8123114158170142 -1
-1.5357844509741208 0.8123114158170142 -1
-1.5357844509741208 -0.8123114158170142 -1
0.8253564864058615 1.5288133916434323 -1
0.8253564864058615 -1.5288133916434323 -1
-0.8253564864058615 1.5288133916434323 -1
-0.8253564864058615 -1.5288133916434323 -1
1.5277081958953895 0.8274003772748582 -1
1.5277081958953895 -0.8274003772748582 -1
-1.5277081958953895 0.8274003772748582 -1
-1.5277081958953895 -0.8274003772748582 -1
0.7158234823178676 2.254224976342158 -1
0.7158234823178676 -2.254224976342158 -1
-0.7158234823178676 2.254224976342158 -1
-0.7158234823178676 -2.254224976342158 -1
1.0663421486630251 2.1111248006186663 -1
1.0663421486630251 -2.1111248006186663 -1
-1.0663421486630251 2.1111248006186663 -1
-1.0663421486630251 -2.1111248006186663 -1
2.3036425415708943 0.5358773576736293 -1
2.3036425415708943 -0.5358773576736293 -1
-2.3036425415708943 0.5358773576736293 -1
-2.3036425415708943 -0.5358773576736293 -1
1.4216620230802492 1.8901879784650661 -1
1.4216620230802492 -1.8901879784650661 -1
-1.4216620230802492 1.8901879784650661 -1
-1.4216620230802492 -1.8901879784650661 -1
0.3775194161835745 2.334826030394319 -1
0.3775194161835745 -2.334826030394319 -1
-0.3775194161835745 2.334826030394319 -1
-0.3775194161835745 -2.334826030394319 -1
0.76158668367698 2.239178247716867 -1
0.76158668367698 -2.239178247716867 -1
-0.76158668367698 2.239178247716867 -1
-0.76158668367698 -2.239178247716867 -1
0.41780017373649775 2.327955436993636 -1
0.41780017373649775 -2.327955436993636 -1
-0.41780017373649775 2.327955436993636 -1
-0.41780017373649775 -2.327955436993636 -1
1.951089720768246 1.336855416009887 -1
1.951089720768246 -1.336855416009887 -1
-1.951089720768246 1.336855416009887 -1
-1.951089720768246 -1.336855416009887 -1
1.0127807622720755 2.1373368076590253 -1
1.0127807622720755 -2.1373368076590253 -1
-1.0127807622720755 2.1373368076590253 -1
-1.0127807622720755 -2.1373368076590253 -1
1.8668063669128383 1.452228456633518 -1
1.8668063669128383 -1.452228456633518 -1
-1.8668063669128383 1.452228456633518 -1
-1.8668063669128383 -1.452228456633518 -1
0.7523706657283801 1.955300097910597 -1
0.7523706657283801 -1.955300097910597 -1
-0.7523706657283801 1.955300097910597 -1
-0.7523706657283801 -1.955300097910597 -1
0.6016026921900074 2.006821938361122 -1
0.6016026921900074 -2.006821938361122 -1
-0.6016026921900074 2.006821938361122 -1
-0.6016026921900074 -2.006821938361122 -1
0.25218017357619815 2.0798233702872064 -1
0.25218017357619815 -2.0798233702872064 -1
-0.25218017357619815 2.0798233702872064 -1
-0.25218017357619815 -2.0798233702872064 -1
1.3399503105865225 1.610525770267846 -1
1.3399503105865225 -1.610525770267846 -1
-1.3399503105865225 1.610525770267846 -1
-1.3399503105865225 -1.610525770267846 -1
0.8303450548255474 1.9234830858275085 -1
0.8303450548255474 -1.9234830858275085 -1
-0.8303450548255474 1.9234830858275085 -1
-0.8303450548255474 -1.9234830858275085 -1
1.7211164685332805 1.1945786676821604 -1
1.7211164685332805 -1.1945786676821604 -1
-1.7211164685332805 1.1945786676821604 -1
-1.7211164685332805 -1.1945786676821604 -1
0.39725326226554214 2.0570488417043338 -1
0.39725326226554214 -2.0570488417043338 -1
-0.39725326226554214 2.0570488417043338 -1
-0.39725326226554214 -2.0570488417043338 -1
1.819410389142495 1.0387521010414904 -1
1.819410389142495 -1.0387521010414904 -1
-1.819410389142495 1.0387521010414904 -1
-1.819410389142495 -1.0387521010414904 -1
0.19129242991663217 2.08630469917372 -1
0.19129242991663217 -2.08630469917372 -1
-0.19129242991663217 2.08630469917372 -1
-0.19129242991663217 -2.08630469917372 -1
1.0518293946737276 1.81188162307532 -1
1.0518293946737276 -1.81188162307532 -1
-1.0518293946737276 1.81188162307532 -1
-1.0518293946737276 -1.81188162307532 -1
2.349318378093023 0.47465013957817953 -1
2.349318378093023 -0.47465013957817953 -1
-2.349318378093023 0.47465013957817953 -1
-2.349318378093023 -0.47465013957817953 -1
1.2423450617295435 2.0496751801793947 -1
1.2423450617295435 -2.0496751801793947 -1
-1.2423450617295435 2.0496751801793947 -1
-1.2423450617295435 -2.0496751801793947 -1
1.2738928995170695 2.030218332398565 -1
1.2738928995170695 -2.030218332398565 -1
-1.2738928995170695 2.030218332398565 -1
-1.2738928995170695 -2.030218332398565 -1
2.1587693635437835 1.0412993957896959 -1
2.1587693635437835 -1.0412993957896959 -1
-2.1587693635437835 1.0412993957896959 -1
-2.1587693635437835 -1.0412993957896959 -1
1.305088433309044 2.0103068864952345 -1
1.305088433309044 -2.0103068864952345 -1
-1.305088433309044 2.0103068864952345 -1
-1.305088433309044 -2.0103068864952345 -1
2.2469198308268132 0.8342307057909236 -1
2.2469198308268132 -0.8342307057909236 -1
-2.2469198308268132 0.8342307057909236 -1
-2.2469198308268132 -0.8342307057909236 -1
1.3546574980843997 1.977243702615065 -1
1.3546574980843997 -1.977243702615065 -1
-1.3546574980843997 1.977243702615065 -1
-1.3546574980843997 -1.977243702615065 -1
0.22450827718832503 2.386249280800551 -1
0.22450827718832503 -2.386249280800551 -1
-0.22450827718832503 2.386249280800551 -1
-0.22450827718832503 -2.386249280800551 -1
2.2387309191407896 0.8559634737126655 -1
2.2387309191407896 -0.8559634737126655 -1
-2.2387309191407896 0.8559634737126655 -1
-2.2387309191407896 -0.8559634737126655 -1
0.9092931256281641 2.2176058279894066 -1
0.9092931256281641 -2.2176058279894066 -1
-0.9092931256281641 2.2176058279894066 -1
-0.9092931256281641 -2.2176058279894066 -1